-0.43985830897686545 0.2698246569805275 -0.431042959028269 -0.47462735184769445 0.01582223286933647 0.3828660725850062 -0.050936750576361156 0.07258172862353424 -0.40899758065434 0.025917434277933627
-0.4398594692053556 0.26982644061391264 -0.4310418173302451 -0.4746264649535418 0.015821221769503555 0.38286499998927565 -0.05093692330270924 0.0725852827600781 -0.40899770087352727 0.025918675709760815
-0.4398594692726471 0.2698264409824949 -0.43104181722266555 -0.47462646461343677 0.01582122155616237 0.38286499971203963 -0.05093692347567015 0.07258528377637419 -0.40899770111539474 0.025918675970572957
-0.43985946986739755 0.2698264417210291 -0.43104181649984974 -0.4746264642068902 0.015821221350864795 0.38286499930646795 -0.05093692352759969 0.0725852857830456 -0.4089977011968164 0.02591867676402026
-0.43985939741461566 0.2698263473467869 -0.43104189169839857 -0.47462652230913416 0.015821255828750925 0.38286505744753085 -0.05093691272926822 0.07258505387404682 -0.4089976863535128 0.0259185992721768
-0.4398594688266556 0.2698264395314448 -0.43104181806703296 -0.47462646535065145 0.015821222370406604 0.3828650007720783 -0.05093692310001391 0.07258528003564459 -0.40899770061572877 0.025918674046512494
-0.43985946902710604 0.2698264404172667 -0.4310418176498655 -0.47462646487683496 0.01582122182459324 0.382865000038693 -0.05093692335902499 0.07258528227652922 -0.40899770100919125 0.025918675210287543
-0.43985946945973226 0.2698264406549254 -0.43104181724240587 -0.4746264646741708 0.015821221904851208 0.3828649999685428 -0.0509369233071441 0.07258528305410984 -0.4089977009771195 0.02591867529933465
-0.439859469636483 0.2698264397567825 -0.431041817407112 -0.47462646511254614 0.01582122250355444 0.3828650007464612 -0.05093692293086121 0.07258528089332689 -0.4089977004727554 0.025918673776064778
-0.439859469626306 0.2698264411826089 -0.4310418168996741 -0.4746264644400157 0.015821221618332694 0.3828649996424208 -0.05093692343204783 0.0725852844055686 -0.4089977010969178 0.025918676038338334
-0.43985946956944094 0.2698264409072543 -0.4310418169968939 -0.474626464589719 0.015821221810896003 0.3828649998678077 -0.050936923347938985 0.07258528379557017 -0.40899770098215227 0.02591867574945266
-0.4398594696591819 0.26982644114382265 -0.4310418168496918 -0.47462646448329554 0.015821221677768053 0.38286499967758475 -0.050936923398668316 0.07258528439496437 -0.40899770105881283 0.025918676063765595
-0.4398618402745636 0.2698290396174394 -0.4310393343402328 -0.4746251124768131 0.01582001122784431 0.38286479005038043 -0.050937269171432556 0.0725913635273735 -0.40899662894810834 0.025920485169307356
-0.4399044472624902 0.2705143181596141 -0.4313591660676585 -0.4738395664693508 0.01567081639057168 0.3828274392967456 -0.05109008968595371 0.07289636214111707 -0.4090774125524844 0.025309819119466018
-0.439976751545223 0.26941879117640216 -0.43163174599698384 -0.47507726100563086 0.016416691888328633 0.38223659291042505 -0.050268960030225816 0.07089387898510771 -0.4089783427907798 0.025280208848972478
-0.4399767850473011 0.26941883588254734 -0.43163171260769184 -0.475077224327432 0.016416682065966637 0.3822365545862942 -0.05026896612186743 0.07089400465847215 -0.40897836635562307 0.02528024876025645
-0.4399767514346493 0.26941879093510956 -0.43163174617675226 -0.4750772610273358 0.016416692046335786 0.3822365931500766 -0.050268960026600994 0.07089387845449359 -0.4089783427439745 0.02528020839397936
-0.4399767851508412 0.2694188364460509 -0.43163171243319876 -0.47507722389768486 0.016416681716517244 0.3822365541024312 -0.050268966333212546 0.07089400611173743 -0.40897836671094057 0.025280249307086
-0.43997675165615463 0.2694187914191475 -0.4316317458283115 -0.4750772608226132 0.016416691795308944 0.38223659284877437 -0.05026896009897296 0.07089387963493428 -0.4089783428308365 0.025280209036065284
-0.4399767858310687 0.26941883716108483 -0.4316317116611175 -0.4750772234493523 0.01641668159280762 0.3822365537688978 -0.05026896634539312 0.07089400807689301 -0.4089783667762963 0.02528024998665675
-0.43997675141651416 0.2694187908605446 -0.43163174627388157 -0.47507726104067427 0.016416692075201574 0.38223659319270814 -0.05026896001946146 0.07089387817325357 -0.40897834271842964 0.025280208148033848
-0.4399767856460798 0.26941883680448914 -0.4316317120022211 -0.4750772235879377 0.01641668173775275 0.38223655392458844 -0.050268966298735715 0.07089400707603342 -0.4089783667550461 0.025280249373356132
-0.43997694034964974 0.26942103435749 -0.4316304512522765 -0.47507714595242867 0.01641534306963817 0.38223434583791815 -0.05026912526507654 0.07089919369224608 -0.4089791016549027 0.025284626039132917
-0.43997721991417393 0.26942188614676843 -0.4316299635823274 -0.47507661127610945 0.01641475819191631 0.382234129220012 -0.05026942411609186 0.07090136941876041 -0.40897913795346474 0.02528542828155052
-0.4399769377096227 0.269421042634231 -0.43163045033298314 -0.47507714529658907 0.016415336190399782 0.38223433541607393 -0.05026912767887225 0.07089921113541323 -0.4089791065312895 0.025284641230880357
-0.4399772175375333 0.26942189336958206 -0.43162996353701005 -0.4750766101896509 0.016414751961405228 0.3822341195627174 -0.050269426342317576 0.07090138409352198 -0.4089791428236434 0.02528543954659005
-0.43996261381092744 0.26944793621985313 -0.4316461402271579 -0.47506661242253373 0.016387040013979844 0.38217574176349406 -0.05029057151587632 0.07096006175186023 -0.4090118783616258 0.025337921044753343
-0.4399791351591317 0.2694616165465359 -0.4316272890413923 -0.475066407746456 0.016380379356067204 0.3821646320520301 -0.05028639566547931 0.07098916108447764 -0.4090100596312152 0.02535853187906023
-0.43906575010543897 0.26960955513516305 -0.4311126980602226 -0.47549408633101065 0.01496033992037892 0.3821622826866565 -0.05146893781260529 0.07352012270836734 -0.4092303297513613 0.027993310447534874
-0.4388140919911754 0.26827386075021425 -0.4313500248364842 -0.47636248257313374 0.015554134079118768 0.3828525321957796 -0.05121548950552021 0.07124234746519653 -0.40894366115245706 0.027126751526326896
-0.43985822793789964 0.26982462044471006 -0.43104294765696755 -0.47462742280299675 0.01582220175788889 0.3828660999519176 -0.05093679255215522 0.07258172959809657 -0.4089975883804334 0.02591748728088193
-0.4398593881709138 0.269826404084937 -0.43104180595353514 -0.47462653590628423 0.01582119065379767 0.3828650273543179 -0.05093696527967003 0.07258528374738152 -0.4089977085983603 0.025918728718660296
-0.43985938823820486 0.26982640445352013 -0.43104180584595464 -0.4746265355661792 0.01582119044045545 0.3828650270770818 -0.050936965452632356 0.07258528476368178 -0.408997708840228 0.02591872897947372
-0.4398593888329573 0.2698264051920572 -0.43104180512313534 -0.4746265351596319 0.015821190235156688 0.38286502667150973 -0.05093696550456237 0.07258528677036073 -0.4089977089216486 0.025918729772925152
-0.43985931637988457 0.269826310817446 -0.4310418803220324 -0.4746265932620436 0.015821224713205104 0.3828650848126715 -0.050936954706161885 0.07258505486051617 -0.40899769407840236 0.02591865228071427
-0.4398593877922134 0.26982640300246524 -0.43104180669032693 -0.4746265363033937 0.0158211912547034 0.38286502813712175 -0.0509369650769734 0.0725852810229374 -0.40899770834056254 0.025918727055403778
-0.4398593879926633 0.26982640388829 -0.4310418062731567 -0.47462653582957726 0.015821190708887586 0.3828650274037355 -0.05093696533598638 0.07258528326383093 -0.408997708734025 0.02591872821918451
-0.4398593884252913 0.26982640412594966 -0.43104180586569535 -0.47462653562691226 0.015821190789145605 0.38286502733358524 -0.0509369652841053 0.0725852840414143 -0.4089977087019527 0.0259187283082323
-0.4398593886020435 0.2698264032278037 -0.43104180603040276 -0.4746265360652882 0.01582119138785087 0.3828650281115057 -0.050936964907820854 0.07258528188062284 -0.4089977081975878 0.02591872678495602
-0.43985938859186535 0.26982640465363505 -0.4310418055229618 -0.47462653539275734 0.015821190502625836 0.382865027007463 -0.05093696540900985 0.07258528539287837 -0.4089977088217507 0.025918729047239596
-0.43985938853500034 0.26982640437827965 -0.43104180562018224 -0.47462653554246076 0.015821190695189946 0.3828650272328502 -0.050936965324900406 0.07258528478287755 -0.40899770870698493 0.02591872875835256
-0.4398593886247412 0.2698264046148488 -0.4310418054729794 -0.4746265354360373 0.01582119056206139 0.38286502704262704 -0.050936965375630146 0.07258528538227413 -0.40899770878364566 0.025918729072667054
-0.43986175925365145 0.26982900309928637 -0.43103932295252295 -0.47462518342395116 0.015819980107792286 0.3828648174163113 -0.05093731114871608 0.07259136453648629 -0.40899663666485137 0.025920538185237218
-0.4399043644808131 0.2705142839188544 -0.4313591554315697 -0.4738396352457554 0.015670783904718707 0.38282746811192925 -0.05109013385073773 0.07289636433264333 -0.4090774209606828 0.025309870471961773
-0.4399662360746736 0.26941511068018836 -0.4316289053132628 -0.4750852142342335 0.01641215548145699 0.3822412560265465 -0.05027415522584134 0.07089577663266544 -0.4089803122210473 0.02528640537537237
-0.4399662384153851 0.2694151136745469 -0.431628902542609 -0.47508521278326815 0.0164121542904658 0.3822412547308619 -0.0502741553685586 0.0708957838659568 -0.408980312152034 0.025286408211605604
-0.4399662749124585 0.2694152993315166 -0.43162882039708317 -0.47508512237209216 0.016412031394339464 0.3822411341741196 -0.0502742056538866 0.0708962046769127 -0.4089803667572965 0.02528663511070992
-0.4399663086123555 0.26941534480301504 -0.4316287866539601 -0.4750850852793389 0.01641202106609957 0.38224109517442 -0.05027421195411137 0.07089633225928851 -0.40898039069461134 0.025286676011015558
-0.4399664724147442 0.26941755108465626 -0.43162750851254844 -0.47508500676379484 0.016410680958072153 0.38223888713979465 -0.050274370571536914 0.07090155412596959 -0.4089811220676275 0.0252910725168703
-0.439966736046551 0.2694183737812572 -0.4316270417307312 -0.4750844851339396 0.016410108465897553 0.38223868965377006 -0.050274666595573586 0.07090366289653856 -0.40898115308596295 0.025291841616316802
-0.43906569693690317 0.26960906931633266 -0.43111272391781186 -0.47549433493765864 0.014960559699632671 0.3821627647683347 -0.051468790806624726 0.07351925819550627 -0.40923013484596044 0.027992893623026746
-0.4388140919911754 0.26827386075021425 -0.4313500248364842 -0.47636248257313374 0.015554134079118768 0.3828525321957796 -0.05121548950552021 0.07124234746519653 -0.40894366115245706 0.027126751526326896
-0.4398582274062463 0.26982462007008406 -0.43104294922753655 -0.47462742329393665 0.01582220208093978 0.3828660998921642 -0.050936791800918646 0.07258172714955827 -0.4089975875343206 0.025917487464093662
-0.4398593876391023 0.26982640371020417 -0.431041807524291 -0.47462653639724556 0.01582119097695826 0.3828650272946855 -0.05093696452839299 0.07258528129839537 -0.4089977077522696 0.025918728901771746
-0.4398593877063934 0.26982640407878733 -0.43104180741671055 -0.4746265360571403 0.01582119076361607 0.38286502701744957 -0.050936964701355274 0.07258528231469548 -0.4089977079941373 0.02591872916258517
-0.4398593883011458 0.26982640481732434 -0.4310418066938915 -0.4746265356505931 0.015821190558317332 0.3828650266118775 -0.05093696475328528 0.07258528432137416 -0.408997708075558 0.025918729956036533
-0.43985931584808274 0.2698263104427176 -0.43104188189277665 -0.4746265937530037 0.015821225036362217 0.38286508475303227 -0.05093695395488724 0.07258505241155885 -0.40899769323231105 0.02591865246383174
-0.43985938726040197 0.26982640262773244 -0.4310418082610826 -0.4746265367943549 0.015821191577863918 0.3828650280774893 -0.05093696432569638 0.0725852785739516 -0.4089977074944718 0.025918727238515404
-0.43985938746085185 0.2698264035135571 -0.43104180784391255 -0.4746265363205386 0.015821191032048175 0.3828650273441031 -0.05093696458470933 0.0725852808148448 -0.4089977078879344 0.025918728402296032
-0.4398593878934799 0.2698264037512169 -0.4310418074364513 -0.4746265361178734 0.01582119111230619 0.38286502727395305 -0.050936964532828255 0.07258528159242812 -0.4089977078558621 0.025918728491343822
-0.43985938807023217 0.26982640285307097 -0.43104180760115857 -0.4746265365562495 0.015821191711011387 0.3828650280518733 -0.05093696415654385 0.07258527943163691 -0.40899770735149715 0.02591872696806773
-0.43985938806005387 0.26982640427890225 -0.43104180709371787 -0.4746265358837186 0.01582119082578644 0.3828650269478307 -0.05093696465773278 0.07258528294389201 -0.4089977079756601 0.025918729230351042
-0.43985938800318886 0.2698264040035467 -0.4310418071909382 -0.474626536033422 0.015821191018350535 0.38286502717321785 -0.050936964573623345 0.07258528233389125 -0.4089977078608944 0.025918728941464037
-0.4398593880929297 0.26982640424011584 -0.43104180704373546 -0.47462653592699844 0.015821190885221985 0.3828650269829946 -0.05093696462435306 0.07258528293328773 -0.40899770793755486 0.025918729255778494
-0.4398617587215633 0.26982900272446403 -0.43103932452359 -0.4746251839148373 0.015819980431076488 0.3828648173566795 -0.05093731039738597 0.07259136208684995 -0.4089966358190561 0.025920538368173915
-0.43990436393660215 0.27051428345025397 -0.43135915700782707 -0.4738396358659308 0.015670784248227775 0.38282746803009693 -0.05109013303862548 0.07289636177075229 -0.40907742007871034 0.025309870762367508
-0.43996646827921404 0.2694175461271907 -0.4316275132284226 -0.47508500759332406 0.016410683152140972 0.3822388899486759 -0.05027437082781369 0.07090154456527939 -0.40898112302158457 0.025291068194726155
-0.4399667246907575 0.2694183509884474 -0.43162705742650925 -0.47508449625777444 0.016410121145737883 0.38223870125387555 -0.05027466212215901 0.0709036098925248 -0.40898115065354856 0.025291818418731626
-0.43906569683856583 0.26960906997489575 -0.4311127237839815 -0.475494334300298 0.014960560016982375 0.38216276496815654 -0.05146879078414639 0.07351925893227512 -0.409230135096277 0.027992893259374783
-0.4388140919911754 0.26827386075021425 -0.4313500248364842 -0.47636248257313374 0.015554134079118768 0.3828525321957796 -0.05121548950552021 0.07124234746519653 -0.40894366115245706 0.027126751526326896
-0.4398158635852481 0.2697922799427885 -0.43107907233562254 -0.47466326530528946 0.015821476174197994 0.3829292260756346 -0.05092567723207632 0.07244110096981542 -0.4089551745364693 0.025868243144442908
-0.43996632345343467 0.2694149653236632 -0.431628829275967 -0.4750851073609875 0.01641241751433591 0.3822415665948488 -0.05027402218183839 0.0708956964223845 -0.4089802719000716 0.02528601640459472
-0.4399663235196811 0.26941496567043793 -0.4316288291833851 -0.47508510703747164 0.016412417318391256 0.382241566323993 -0.05027402233183305 0.07089569735046992 -0.4089802721405401 0.025286016647800284
-0.4399663240813718 0.2694149664465717 -0.43162882846984835 -0.4750851066489109 0.016412417060314505 0.38224156587647673 -0.050274022379678054 0.07089569936383397 -0.40898027224845745 0.02528601753247497
-0.43996608918316465 0.26941683116461596 -0.4316280576847908 -0.47508538620276414 0.016410884635735642 0.38223967056643054 -0.050274224705011916 0.0708994404948416 -0.4089807030171851 0.025289927403036344
-0.43961310701429324 0.2700380594594691 -0.43106893981041433 -0.47521552558449515 0.015257175800651286 0.38202603522021 -0.051049238187451246 0.07315284167876099 -0.4090159309904668 0.027229913516221796
-0.4402284574665942 0.26990529396734136 -0.4312955234604388 -0.47460620951737725 0.01613752991098245 0.3823500782956184 -0.05074789959718189 0.07227808064266 -0.40885621306307474 0.025851100480160843
-0.44022851210849007 0.26990536848850966 -0.4312954520850683 -0.4746061516188712 0.016137512435855185 0.38235004708917314 -0.05074791224545186 0.07227831282686815 -0.4088562302546333 0.025851172255385305
-0.44022851212788905 0.2699053685097862 -0.43129545206266817 -0.47460615160759945 0.016137512432009216 0.3823500470732972 -0.05074791224541392 0.07227831288689184 -0.4088562302591491 0.025851172281598972
-0.44022851216249925 0.26990536856148706 -0.43129545202287434 -0.4746061515757734 0.016137512409684866 0.38235004704917847 -0.05074791225359824 0.0722783130133079 -0.40885623026423157 0.025851172321383783
-0.440228508091144 0.26990536315323627 -0.4312954568529669 -0.4746061549974935 0.016137514232427146 0.3823500494306071 -0.05074791161512436 0.07227829867986764 -0.40885622974914215 0.025851167830982024
-0.4402285120734763 0.269905368407009 -0.4312954521341593 -0.4746061516636839 0.016137512480320654 0.3823500471456948 -0.050747912227654776 0.07227831262662686 -0.40885623023091705 0.025851172166978898
-0.4402285121053936 0.2699053684680779 -0.43129545209030484 -0.4746061516322825 0.016137512451883378 0.38235004710094805 -0.05074791223746407 0.07227831278421575 -0.4088562302481299 0.025851172241491905
-0.44022851212359215 0.2699053684845206 -0.43129545207279424 -0.4746061516208457 0.016137512447391974 0.3823500471016215 -0.0507479122382635 0.07227831282185111 -0.4088562302421103 0.02585117224327081
-0.4402285120979989 0.26990536841462215 -0.43129545211297843 -0.47460615165287773 0.016137512487437108 0.3823500471660306 -0.050747912225854994 0.07227831265266292 -0.4088562302117045 0.025851172151047437
-0.44022851214265757 0.26990536852290986 -0.43129545204826775 -0.47460615159849123 0.016137512428565367 0.3823500470741633 -0.050747912245867666 0.0722783129173286 -0.40885623025413975 0.025851172283130865
-0.4402285121341293 0.2699053685078576 -0.43129545206059705 -0.4746061516067865 0.016137512434215993 0.38235004708531817 -0.0507479122436149 0.07227831287445957 -0.4088562302491038 0.02585117226294095
-0.44022851214242104 0.26990536852448677 -0.43129545204908265 -0.47460615159794495 0.016137512426224028 0.3823500470745078 -0.05074791224666362 0.07227831291663397 -0.40885623025301016 0.025851172281734617
-0.44022861773135263 0.2699054974335217 -0.43129535199404695 -0.4746060256738378 0.016137490423739836 0.3823499755856596 -0.050747934255744316 0.07227867902015114 -0.4088562805018608 0.025851218974182938
-0.4402459565042545 0.2698919014152951 -0.43127918921835956 -0.47459653253515677 0.016167639572608868 0.38236236881928715 -0.050734666172659613 0.0722770034636449 -0.40886561705213686 0.02582273296235126
-0.4401895297473644 0.269878494326491 -0.43131972935188057 -0.474634864119513 0.016141998279100896 0.38240835272420304 -0.05073929550771561 0.07218309799788541 -0.40882177951869386 0.02582590829434666
-0.4401897975500508 0.269879306585331 -0.43131924089507473 -0.47463435372449053 0.016141416431605316 0.38240817239718883 -0.050739614133447845 0.07218525857650149 -0.4088217847209447 0.02582668013770176
-0.4401895329225108 0.2698784922247746 -0.4313197272722965 -0.4746348669078872 0.016141999752603883 0.3824083575972733 -0.050739293625751344 0.0721830900965727 -0.40882177378330997 0.025825903118938846
-0.4401898016502016 0.2698793153963999 -0.43131923249911924 -0.47463435435223317 0.016141408930958275 0.38240816973908703 -0.050739615332702714 0.07218527673675147 -0.4088217810273445 0.02582669626218308
-0.44018953381807624 0.2698784992963189 -0.4313197244323203 -0.4746348634317682 0.016141995917880406 0.3824083499845678 -0.050739295396992706 0.07218310797412325 -0.4088217784637882 0.02582591285339134
-0.4401898090912262 0.26987932963547007 -0.43131922435714093 -0.47463434268980015 0.01614140324317196 0.38240816077976825 -0.05073961920311109 0.07218531389654427 -0.408821786811013 0.025826704143624476
-0.44018953493423196 0.26987848859284624 -0.4313197255707562 -0.4746348687416663 0.01614200268625392 0.38240836365122494 -0.05073929221086844 0.07218308449339186 -0.4088217693343751 0.025825898890742032
-0.44018980954957426 0.2698793216561276 -0.43131922528689454 -0.47463434676594024 0.01614140842727563 0.3824081716580377 -0.05073961699549847 0.07218529626018032 -0.408821779445596 0.025826695184980344
-0.44018952309137366 0.2698784999325182 -0.43131974051061917 -0.47463486528103227 0.016141986404707348 0.3824083403977295 -0.0507393019035979 0.0721830885995425 -0.4088217824903248 0.025825912054281752
-0.44018981463345824 0.2698793591210257 -0.4313192185509376 -0.4746343323439919 0.016141381534036468 0.38240813231053583 -0.05073962850628188 0.07218536251365393 -0.4088217951917777 0.02582673694636903
-0.44018952048157484 0.26987850773540306 -0.43131973933909973 -0.4746348648989225 0.0161419798583746 0.38240833160086 -0.050739303723315254 0.07218310478822669 -0.4088217863632864 0.0258259258029783
-0.4401898123174739 0.2698793658391636 -0.4313192182682927 -0.4746343315109197 0.016141375645238973 0.38240812432651855 -0.050739630151887184 0.07218537585945375 -0.40882179904385435 0.025826746634988886
-0.4401895217090738 0.269878506655357 -0.4313197389825876 -0.4746348636253204 0.016141981389289947 0.38240833290227316 -0.05073930403597392 0.07218310416730393 -0.40882178657643936 0.025825923047873324
-0.4401898143146652 0.26987936754175923 -0.4313192161463168 -0.47463432906853353 0.01614137527560583 0.38240812401607155 -0.05073963120568007 0.07218538218435479 -0.40882179982280176 0.025826747875926898
-0.44021105514643166 0.2698939249304428 -0.431306400325965 -0.474620089619273 0.016138403217355744 0.3823727198560355 -0.050738021801257915 0.07223814636425734 -0.40884253734925174 0.025841707355092825
-0.44075368550430255 0.2708904690806557 -0.4312051732408497 -0.47370950808234485 0.015907978270026258 0.3814716589127758 -0.05084830560453025 0.07355436385018475 -0.40936246234083185 0.025861795646044808
-0.43751698598481864 0.2659522844225081 -0.43721285769555723 -0.4768894963109563 0.016926706932114705 0.3816373888377231 -0.04947588619724874 0.05523511908286061 -0.40948324060329666 0.012675912695218946
-0.4398583089774629 0.26982465698081654 -0.43104295902829676 -0.4746273518471784 0.015822232869534433 0.3828660725848193 -0.05093675057608309 0.07258172862362056 -0.4089975806542845 0.025917434277596425
-0.43985946920595315 0.26982644061420163 -0.4310418173302728 -0.47462646495302563 0.015821221769701545 0.3828649999890885 -0.05093692330243116 0.07258528276016431 -0.40899770087347176 0.025918675709423567
-0.43985946927324465 0.26982644098278397 -0.4310418172226934 -0.47462646461292063 0.01582122155636036 0.3828649997118526 -0.05093692347539208 0.07258528377646041 -0.40899770111533923 0.025918675970235706
-0.43985946986799496 0.2698264417213181 -0.43104181649987744 -0.474626464206374 0.015821221351062786 0.3828649993062808 -0.05093692352732161 0.07258528578313182 -0.40899770119676065 0.025918676763683007
-0.43985939741521307 0.2698263473470759 -0.43104189169842644 -0.4746265223086181 0.01582125582894892 0.38286505744734384 -0.05093691272899015 0.07258505387413307 -0.40899768635345735 0.02591859927183956
-0.43985946882725313 0.26982643953173374 -0.4310418180670608 -0.47462646535013525 0.01582122237060459 0.3828650007718913 -0.05093692309973582 0.07258528003573081 -0.40899770061567325 0.025918674046175243
-0.4398594690277034 0.26982644041755577 -0.43104181764989324 -0.47462646487631893 0.015821221824791232 0.38286500003850604 -0.050936923358746916 0.07258528227661543 -0.40899770100913574 0.025918675209950275
-0.4398594694603296 0.26982644065521433 -0.43104181724243373 -0.4746264646736546 0.015821221905049195 0.38286499996835577 -0.050936923306866014 0.07258528305419608 -0.40899770097706384 0.0259186752989974
-0.43985946963708045 0.2698264397570715 -0.43104181740713987 -0.4746264651120301 0.01582122250375243 0.38286500074627405 -0.05093692293058313 0.07258528089341311 -0.40899770047269984 0.02591867377572752
-0.43985946962690364 0.26982644118289795 -0.43104181689970206 -0.4746264644394997 0.01582122161853069 0.3828649996422338 -0.05093692343176977 0.07258528440565484 -0.4089977010968624 0.02591867603800109
-0.43985946957003846 0.26982644090754326 -0.43104181699692173 -0.4746264645892029 0.015821221811093997 0.3828649998676208 -0.05093692334766092 0.07258528379565639 -0.4089977009820967 0.02591867574911541
-0.43985946965977923 0.2698264411441117 -0.4310418168497198 -0.4746264644827794 0.015821221677966048 0.38286499967739784 -0.050936923398390246 0.07258528439505062 -0.4089977010587573 0.025918676063428354
-0.43986184027516106 0.26982903961772836 -0.4310393343402607 -0.4746251124762971 0.01582001122804234 0.38286479005019336 -0.05093726917115447 0.0725913635274596 -0.4089966289480528 0.025920485168970046
-0.4399044472631009 0.2705143181598887 -0.43135916606768 -0.47383956646884823 0.015670816390778476 0.38282743929654917 -0.05109008968566133 0.07289636214119753 -0.40907741255242375 0.0253098191191404
-0.4399767516168791 0.2694187911873804 -0.43163174601341536 -0.4750772609628922 0.016416691928831856 0.3822365928733128 -0.05026895998701047 0.07089387895329774 -0.4089783427858638 0.025280208796990746
-0.4399767851189571 0.2694188358935254 -0.43163171262412336 -0.4750772242846934 0.01641668210646991 0.3822365545491821 -0.050268966078652035 0.07089400462666179 -0.40897836635070695 0.025280248708274545
-0.4399767515063055 0.2694187909460878 -0.43163174619318373 -0.47507726098459707 0.016416692086839012 0.38223659311296443 -0.05026895998338565 0.07089387842268365 -0.4089783427390585 0.025280208341997616
-0.4399767852224972 0.26941883645702897 -0.4316317124496304 -0.4750772238549464 0.01641668175702052 0.38223655406531915 -0.05026896628999714 0.07089400607992707 -0.40897836670602444 0.0252802492551041
-0.4399767517278106 0.26941879143012576 -0.431631745844743 -0.4750772607798746 0.01641669183581217 0.38223659281166217 -0.050268960055757615 0.07089387960312432 -0.40897834282592055 0.025280208984083535
-0.43997678590272477 0.269418837172063 -0.4316317116775494 -0.47507722340661374 0.016416681633310903 0.3822365537317858 -0.05026896630217773 0.07089400804508264 -0.4089783667713802 0.025280249934674856
-0.4399767514881702 0.26941879087152293 -0.4316317462903131 -0.47507726099793546 0.0164166921157048 0.382236593155596 -0.05026895997624612 0.07089387814144361 -0.4089783427135135 0.02528020809605211
-0.4399767857177358 0.26941883681546724 -0.4316317120186528 -0.4750772235451992 0.01641668177825602 0.3822365538874763 -0.050268966255520325 0.07089400704422306 -0.4089783667501301 0.025280249321374237
-0.43997694042131 0.2694210343684615 -0.43163045126871424 -0.4750771459096856 0.01641534311014677 0.38223434580080823 -0.050269125221859265 0.07089919366041689 -0.40897910164998835 0.02528462598713259
-0.43997721998583417 0.2694218861577382 -0.431629963598768 -0.4750766112333657 0.016414758232427065 0.3822341291829008 -0.05026942407287247 0.07090136938692333 -0.40897913794855234 0.02528542822954687
-0.43997693778128294 0.2694210426452025 -0.431630450349421 -0.47507714525384587 0.016415336230908406 0.3822343353789642 -0.05026912763565494 0.07089921110358396 -0.4089791065263753 0.025284641178879966
-0.4399772176091936 0.26942189338055184 -0.4316299635534507 -0.4750766101469071 0.016414752001916014 0.38223411952560626 -0.05026942629909819 0.07090138406168485 -0.4089791428187311 0.02528543949458636
-0.4399626138826013 0.2694479362307816 -0.43164614024354947 -0.47506661237983505 0.016387040054537266 0.3821757417265527 -0.05029057147259399 0.07096006171985592 -0.40901187835661823 0.025337920992669977
-0.43997913523078175 0.2694616165574127 -0.43162728905785536 -0.4750664077037384 0.01638037939666334 0.38216463201508927 -0.0502863956222002 0.07098916105238304 -0.40901005962623466 0.025358531826865312
-0.43961310701429324 0.2700380594594691 -0.43106893981041433 -0.47521552558449515 0.015257175800651286 0.38202603522021 -0.051049238187451246 0.07315284167876099 -0.4090159309904668 0.027229913516221796
-0.4398582276378461 0.2698246202066297 -0.43104294923616715 -0.47462742308816763 0.01582220213809139 0.3828660998047716 -0.05093679170733863 0.07258172720233237 -0.4089975875163239 0.025917487312886994
-0.4398593878706958 0.2698264038467367 -0.43104180753292953 -0.4746265361914818 0.01582119103411692 0.382865027207294 -0.050936964434811466 0.07258528135115155 -0.40899770773427535 0.025918728750553337
-0.43985938793798673 0.2698264042153197 -0.431041807425349 -0.47462653585137654 0.015821190820774718 0.382865026930058 -0.05093696460777373 0.07258528236745165 -0.408997707976143 0.02591872901136676
-0.43985938853273915 0.2698264049538568 -0.43104180670252995 -0.4746265354448293 0.01582119061547599 0.38286502652448595 -0.050936964659703744 0.07258528437413035 -0.4089977080575636 0.02591872980481811
-0.4398593160796767 0.2698263105792509 -0.43104188190141474 -0.4746265935472397 0.015821225093520595 0.38286508466564073 -0.050936953861305805 0.07258505246431626 -0.40899769321431667 0.025918652312614046
-0.4398593874919955 0.2698264027642649 -0.43104180826972116 -0.474626536588591 0.01582119163502257 0.38286502799009764 -0.050936964232114856 0.07258527862670781 -0.4089977074764774 0.025918727087297016
-0.43985938769244526 0.2698264036500896 -0.43104180785255114 -0.4746265361147748 0.015821191089206828 0.38286502725671157 -0.050936964491127786 0.072585280867601 -0.40899770786994 0.025918728251077622
-0.43985938812507336 0.26982640388774937 -0.43104180744508985 -0.47462653591210974 0.01582119116946484 0.38286502718656157 -0.05093696443924672 0.07258528164518428 -0.4089977078378679 0.02591872834012543
-0.4398593883018256 0.2698264029896035 -0.4310418076097971 -0.4746265363504857 0.015821191768170036 0.3828650279644817 -0.05093696406296232 0.07258527948439313 -0.4089977073335029 0.025918726816849324
-0.4398593882916475 0.2698264044154348 -0.43104180710235646 -0.474626535677955 0.015821190882945105 0.3828650268604392 -0.050936964564151255 0.0725852829966482 -0.4089977079576659 0.02591872907913264
-0.4398593882347824 0.26982640414007925 -0.43104180719957674 -0.4746265358276581 0.015821191075509188 0.3828650270858265 -0.05093696448004182 0.07258528238664745 -0.4089977078429 0.025918728790245624
-0.4398593883245231 0.26982640437664834 -0.43104180705237394 -0.4746265357212347 0.01582119094238064 0.38286502689560303 -0.05093696453077153 0.07258528298604393 -0.4089977079195606 0.025918729104560084
-0.43986175895313123 0.2698290028609715 -0.43103932453224475 -0.4746251837090895 0.01581998048824233 0.3828648172692876 -0.05093731030380615 0.07259136213957294 -0.40899663580107387 0.025920538216943987
-0.439904364173088 0.2705142835843732 -0.43135915701551486 -0.4738396356616984 0.01567078430823757 0.38282746793858263 -0.051090132941164296 0.07289636182414795 -0.409077420059534 0.02530987061106247
-0.43996628647162755 0.2694153013465885 -0.431628821865573 -0.4750851170642314 0.016412038336273034 0.382241127306723 -0.050274198230652524 0.07089619971447698 -0.4089803659793228 0.02528662773797968
-0.4399663199575405 0.26941534601385414 -0.43162878847692115 -0.47508508042232617 0.016412028515264993 0.3822410890298252 -0.05027420431600531 0.07089632531374476 -0.40898038951501425 0.02528666763665024
-0.4399662863611524 0.26941530110550926 -0.43162882204531106 -0.4750851170857853 0.016412038494211707 0.3822411275460594 -0.050274198227093884 0.07089619918429485 -0.40898036593268455 0.02528662728320718
-0.4399663200609673 0.26941534657689536 -0.4316287883022941 -0.47508507999308824 0.016412028166005642 0.3822410885464643 -0.050274204527304266 0.07089632676633296 -0.40898038986995705 0.02528666818334487
-0.4399662865949893 0.26941530167573063 -0.43162882164863897 -0.47508511688316324 0.01641203818066288 0.38224112716021197 -0.0502741983062823 0.07089620054368982 -0.4089803660386085 0.025286628071212694
-0.439966320753454 0.26941534737811407 -0.43162878748201944 -0.475085079546914 0.016412027979618174 0.3822410881284006 -0.05027420454632058 0.07089632891037446 -0.40898038995434627 0.02528666900905355
-0.4399664849670616 0.2694175425586347 -0.4316275110874611 -0.4750850065898067 0.016410694549893936 0.3822388937641592 -0.05027436024342547 0.07090152645230866 -0.4089811123045522 0.025291051356587047
-0.4399667479955664 0.26941836792422036 -0.43162704407901076 -0.47508448374616663 0.01641012049240055 0.38223869361571106 -0.05027465723755722 0.07090364090839955 -0.40898114500804267 0.025291825327131895
-0.43961310701429324 0.2700380594594691 -0.43106893981041433 -0.47521552558449515 0.015257175800651286 0.38202603522021 -0.051049238187451246 0.07315284167876099 -0.4090159309904668 0.027229913516221796
-0.43981593632503657 0.26979231186109925 -0.4310790819846846 -0.4746632013046683 0.01582150475916793 0.38292920099768923 -0.05092563987638143 0.07244110087735628 -0.40895516948139443 0.025868194551393657
-0.43997614932388057 0.2694187633914437 -0.4316316109424589 -0.47507736999884326 0.016416291932332853 0.3822374564668219 -0.050269472756165494 0.07089434474847842 -0.4089780602332395 0.02528069186711909
-0.43997614939018376 0.26941876373848 -0.4316316108499644 -0.47507736967500086 0.016416291736314505 0.3822374561957726 -0.05026947290615639 0.07089434567689401 -0.40897806047388807 0.025280692110297168
-0.4399761499521157 0.26941876451518854 -0.4316316101363514 -0.47507736928598526 0.016416291478119176 0.38223745574760104 -0.05026947295409391 0.0708943476913271 -0.40897806058217256 0.025280692995268906
-0.4399759158382385 0.2694206298456967 -0.43163083920822226 -0.47507764863613816 0.016414759081151274 0.38223555984687935 -0.05026967486667126 0.07089808901864916 -0.4089784910997692 0.025284603210745167
-0.439976595336718 0.269421788808111 -0.4316298630576356 -0.47507675561539475 0.016414394896740504 0.3822350428012093 -0.05026992017894969 0.07090167175579173 -0.4089788350035288 0.02528582891005596
-0.439976595033397 0.269421800001878 -0.43162985809486326 -0.4750767540074951 0.016414385818925653 0.38223503356510186 -0.050269922799651416 0.07090169677615393 -0.40897883812014824 0.025285849576830156
-0.4399766004987385 0.2694218069627079 -0.4316298537049183 -0.4750767465078862 0.016414383770429315 0.38223502996137865 -0.050269925302674705 0.07090171524133215 -0.4089788408529534 0.02528585100429021
-0.4399786341018382 0.26946160427637605 -0.4316270522299225 -0.47506609808644124 0.016380238938523146 0.3821656904891392 -0.05028669537883205 0.0709897869457589 -0.40901010789655345 0.025358202379363603
-0.43961310701429324 0.2700380594594691 -0.43106893981041433 -0.47521552558449515 0.015257175800651286 0.38202603522021 -0.051049238187451246 0.07315284167876099 -0.4090159309904668 0.027229913516221796
-0.43981593787954243 0.2697923128731261 -0.4310790806144736 -0.4746631998659491 0.01582150438045465 0.3829292008797356 -0.05092564020508003 0.07244110316052566 -0.4089551700106476 0.025868193369529315
-0.4399760826344522 0.2694185250923783 -0.4316317360602357 -0.47507748411330125 0.016416437288329453 0.38223760184549244 -0.0502694136086989 0.07089378779720647 -0.40897800479376306 0.025280395273260748
-0.4399760826517271 0.2694185251113939 -0.43163173604012917 -0.4750774841033071 0.01641643728456148 0.38223760183182987 -0.050269413608479155 0.07089378785034055 -0.40897800479773555 0.025280395297255384
-0.43997608268359917 0.26941852516367654 -0.43163173600233845 -0.4750774840710553 0.016416437260603843 0.38223760180637373 -0.05026941361718436 0.0708937879766376 -0.4089780048054448 0.025280395340942508
-0.4399760881694904 0.2694186703564672 -0.43163168697123555 -0.4750774106823647 0.016416336300659036 0.38223749405600993 -0.050269460988720226 0.07089412987315549 -0.4089780677142265 0.02528059284404012
-0.4399761540608962 0.269418756419903 -0.4316316189523907 -0.4750773566266499 0.016416304423481045 0.3822374431055228 -0.05026946979439572 0.07089433686456052 -0.40897808231649935 0.025280662910209185
-0.4399761542439539 0.26941875724145536 -0.43163161858340143 -0.4750773561831068 0.016416303918245244 0.38223744242397245 -0.05026947001720272 0.07089433888927255 -0.4089780826952854 0.025280663988265863
-0.43997615465787626 0.26941875755293787 -0.4316316181546755 -0.4750773559863367 0.016416303926308544 0.382237442281149 -0.05026946997562721 0.07089433979078305 -0.4089780826934985 0.02528066422031576
-0.4399766123673564 0.2694217976119883 -0.43162985163261924 -0.47507674050647536 0.016414396095016364 0.382235043895243 -0.05026992232151895 0.0709016956587144 -0.40897883524389256 0.025285825177560256
-0.4399766008591462 0.26942181438444146 -0.4316298509059799 -0.4750767446661197 0.016414378924088088 0.38223502189112357 -0.05026992666138756 0.07090173151842473 -0.408978844756892 0.02528586169079634
-0.43997873814677496 0.26946171194871404 -0.4316270784892771 -0.4750662476131232 0.016380023660880018 0.38216525430966103 -0.05028685101408315 0.07098983395592413 -0.40901007991416555 0.025358728437068833
-0.43961310701429324 0.2700380594594691 -0.43106893981041433 -0.47521552558449515 0.015257175800651286 0.38202603522021 -0.051049238187451246 0.07315284167876099 -0.4090159309904668 0.027229913516221796
-0.4398582275402454 0.2698246201596737 -0.43104294923060166 -0.4746274231737641 0.015822202105572534 0.3828660998350585 -0.05093679175234661 0.07258172718727723 -0.40899758752535176 0.0259174873668821
-0.4398593877731 0.2698264037997885 -0.4310418075273582 -0.4746265362770752 0.015821191001593297 0.38286502723757904 -0.050936964479820664 0.0725852813361101 -0.40899770774330174 0.02591872880455523
-0.4398593878403912 0.2698264041683717 -0.4310418074197777 -0.4746265359369701 0.015821190788251102 0.382865026960343 -0.05093696465278294 0.07258528235241021 -0.40899770798516943 0.025918729065368646
-0.4398593884351434 0.2698264049069087 -0.4310418066969586 -0.4746265355304228 0.015821190582952366 0.38286502655477095 -0.05093696470471294 0.07258528435908888 -0.4089977080665901 0.02591872985882
-0.43985931598208067 0.2698263105323023 -0.4310418818958437 -0.47462659363283327 0.015821225060997153 0.3828650846959258 -0.05093695390631492 0.07258505244927388 -0.4089976932233431 0.02591865236661551
-0.4398593873943996 0.26982640271731684 -0.4310418082641497 -0.47462653667418436 0.01582119160249895 0.3828650280203828 -0.050936964277124054 0.07258527861166635 -0.4089977074855039 0.025918727141298892
-0.43985938759484966 0.2698264036031416 -0.4310418078469798 -0.4746265362003682 0.01582119105668322 0.38286502728699673 -0.05093696453613702 0.07258528085255957 -0.40899770787896667 0.025918728305079523
-0.4398593880274776 0.26982640384080137 -0.4310418074395185 -0.47462653599770316 0.015821191136941217 0.3828650272168465 -0.05093696448425593 0.07258528163014283 -0.40899770784689427 0.02591872839412731
-0.4398593882042298 0.26982640294265536 -0.4310418076042258 -0.47462653643607905 0.01582119173564642 0.3828650279947668 -0.05093696410797153 0.07258527946935166 -0.4089977073425294 0.025918726870851207
-0.4398593881940517 0.2698264043684867 -0.4310418070967851 -0.47462653576354824 0.015821190850421475 0.38286502689072427 -0.05093696460916045 0.07258528298160676 -0.40899770796669227 0.025918729133134522
-0.43985938813718656 0.2698264040931312 -0.43104180719400526 -0.47462653591325155 0.015821191042985565 0.3828650271161115 -0.05093696452505102 0.07258528237160597 -0.4089977078519264 0.02591872884424751
-0.4398593882269275 0.2698264043297003 -0.4310418070468025 -0.4746265358068282 0.015821190909857015 0.38286502692588825 -0.05093696457578073 0.07258528297100246 -0.40899770792858703 0.025918729158561974
-0.43986175885555084 0.26982900281403643 -0.43103932452666127 -0.47462518379467583 0.01581998045571369 0.38286481729957395 -0.05093731034881565 0.07259136212455569 -0.4089966358100916 0.025920538270954283
-0.4399043640733346 0.2705142835398226 -0.4313591570109852 -0.47383963574506316 0.015670784274267005 0.3828274679703994 -0.05109013298851521 0.07289636181005632 -0.40907742006938397 0.025309870663075582
-0.4399662747788759 0.2694152994175755 -0.43162882019509086 -0.4750851225063755 0.016412031190134114 0.38224113411391897 -0.05027420578216521 0.07089620513665713 -0.4089803668393319 0.025286635614713063
-0.43996630826480204 0.2694153440848619 -0.4316287868064176 -0.4750850858644587 0.01641202136911727 0.3822410958370124 -0.050274211867526446 0.07089633073598932 -0.4089803903750252 0.025286675513409008
-0.43996627466840077 0.26941529917649626 -0.4316288203748289 -0.4750851225279292 0.016412031348072873 0.3822411343532553 -0.050274205778606564 0.07089620460647474 -0.4089803667926938 0.02528663515994026
-0.4399663083682287 0.26941534464790345 -0.43162878663179033 -0.4750850854352208 0.016412021019857663 0.38224109535365147 -0.05027421207882566 0.07089633218857841 -0.408980390729968 0.025286676060103992
-0.4399662749022377 0.26941529974671785 -0.43162881997815655 -0.47508512232530725 0.016412031034523853 0.3822411339674077 -0.05027420585779507 0.07089620596587044 -0.4089803668986176 0.0252866359479463
-0.43996630906071577 0.26941534544912255 -0.4316287858115151 -0.4750850849890464 0.016412020833470035 0.3822410949355877 -0.050274212097842046 0.070896334332621 -0.408980390814357 0.02528667688581324
-0.4399664732736531 0.26941754063075074 -0.43162750941598016 -0.475085012032596 0.016410687402835803 0.38223890057098187 -0.050274367795278184 0.07090153187767229 -0.40898111316429747 0.025291059236377256
-0.43996673630216127 0.2694183659965945 -0.4316270424070899 -0.47508448918902846 0.016410113344984583 0.3822387004227468 -0.05027466478976555 0.07090364633505356 -0.40898114586747114 0.025291833207433816
-0.43906569683085367 0.2696090700078493 -0.4311127237939853 -0.4754943341874334 0.01496056007753628 0.38216276502517543 -0.05146879078718372 0.07351925896347257 -0.40923013515165607 0.02799289311812768
-0.4388140919911754 0.26827386075021425 -0.4313500248364842 -0.47636248257313374 0.015554134079118768 0.3828525321957796 -0.05121548950552021 0.07124234746519653 -0.40894366115245706 0.027126751526326896
-0.43981593645654554 0.26979231191842357 -0.43107908202429207 -0.4746632011863112 0.01582150477073474 0.3829292009814547 -0.050925639817986465 0.07244110082532776 -0.4089551694375938 0.025868194415682267
-0.4399761543102245 0.26941875824742184 -0.4316316183385347 -0.4750773559470201 0.016416303240162126 0.3822374404994488 -0.05026947076922882 0.07089434159434013 -0.40897808359909005 0.025280666567723202
-0.43997659657542626 0.2694218095628171 -0.43162985432451306 -0.4750767505029194 0.016414379992894294 0.38223502309016305 -0.050269925332020536 0.07090171814921507 -0.4089788434480143 0.025285862066115727
-0.4399786969521188 0.2694618525642783 -0.43162706902998704 -0.47506623405947046 0.016379896090165793 0.3821650822191925 -0.0502869297930533 0.07099011906357863 -0.4090101485809479 0.02535897789087059
-0.43961310701429324 0.2700380594594691 -0.43106893981041433 -0.47521552558449515 0.015257175800651286 0.38202603522021 -0.051049238187451246 0.07315284167876099 -0.4090159309904668 0.027229913516221796
-0.43981592273460246 0.26979229477624483 -0.43107912381910024 -0.4746632144053574 0.015821518050048052 0.38292920010739107 -0.050925624167498115 0.0724410279199276 -0.4089551522507409 0.025868178956830214
-0.43997855443414696 0.26946161160911253 -0.43162729207175293 -0.47506633412343413 0.016379969055402507 0.3821652855004874 -0.050286892028702034 0.07098947385103078 -0.4090100535368384 0.02535864347122531
-0.43961310701429324 0.2700380594594691 -0.43106893981041433 -0.47521552558449515 0.015257175800651286 0.38202603522021 -0.051049238187451246 0.07315284167876099 -0.4090159309904668 0.027229913516221796
-0.43985830896872974 0.2698246569727287 -0.431042959029943 -0.47462735185285526 0.015822232866351506 0.3828660725888231 -0.05093675058007443 0.07258172861820864 -0.40899758065753944 0.025917434277417137
-0.4398594691972203 0.26982644060611466 -0.4310418173319185 -0.4746264649587024 0.01582122176651814 0.3828649999930922 -0.05093692330642258 0.0725852827547537 -0.4089977008767266 0.025918675709244894
-0.43985946926451175 0.26982644097469694 -0.431041817224339 -0.4746264646185973 0.015821221553176952 0.3828649997158562 -0.05093692347938349 0.07258528377104977 -0.4089977011185942 0.025918675970057044
-0.4398594698592623 0.26982644171323117 -0.43104181650152323 -0.47462646421205085 0.015821221347879385 0.3828649993102845 -0.050936923531313044 0.07258528577772122 -0.40899770120001566 0.02591867676350435
-0.43985939740648017 0.26982634733898886 -0.43104189170007207 -0.47462652231429475 0.015821255825765528 0.38286505745134747 -0.05093691273298156 0.07258505386872233 -0.40899768635671213 0.02591859927166085
-0.43985946881852034 0.2698264395236468 -0.43104181806870634 -0.474626465355812 0.01582122236742119 0.38286500077589486 -0.050936923103727244 0.07258528003032018 -0.4089977006189281 0.02591867404599658
-0.4398594690189706 0.26982644040946874 -0.4310418176515389 -0.47462646488199556 0.01582122182160783 0.3828650000425096 -0.050936923362738334 0.0725852822712048 -0.40899770101239064 0.02591867520977162
-0.43985946945159693 0.26982644064712746 -0.43104181724407936 -0.47462646467933134 0.0158212219018658 0.3828649999723595 -0.050936923310857446 0.07258528304878546 -0.4089977009803189 0.025918675298818736
-0.43985946962834765 0.2698264397489845 -0.4310418174087854 -0.47462646511770684 0.01582122250056903 0.3828650007502778 -0.050936922934574545 0.07258528088800249 -0.4089977004759548 0.025918673775548857
-0.43985946961817085 0.26982644117481097 -0.4310418169013476 -0.4746264644451764 0.015821221615347283 0.3828649996462375 -0.050936923435761186 0.07258528440024418 -0.40899770110011724 0.025918676037822427
-0.4398594695613057 0.26982644089945634 -0.4310418169985673 -0.47462646459487956 0.015821221807910592 0.38286499987162437 -0.050936923351652334 0.07258528379024576 -0.40899770098535154 0.025918675748936745
-0.4398594696510465 0.2698264411360246 -0.4310418168513652 -0.474626464488456 0.01582122167478264 0.38286499968140136 -0.05093692340238166 0.07258528438963997 -0.4089977010620122 0.02591867606324968
-0.4398618402664297 0.26982903960964294 -0.43103933434190506 -0.47462511248197287 0.015820011224858415 0.38286479005419716 -0.05093726917514591 0.07259136352205144 -0.4089966289513069 0.02592048516879246
-0.43990444725416755 0.27051431815196003 -0.4313591660694886 -0.4738395664742327 0.01567081638745835 0.3828274393007163 -0.051090089689863415 0.07289636213579566 -0.40907741255582636 0.02530981911862755
-0.4399767515185431 0.2694187919243842 -0.43163174611155225 -0.47507726065118594 0.016416691373965862 0.3822365910719335 -0.050268960773694436 0.07089388103049458 -0.40897834379289344 0.025280210752319895
-0.43997678502066767 0.26941883663063537 -0.43163171272222844 -0.47507722397290514 0.016416681551585658 0.38223655274769736 -0.050268966865360996 0.07089400670409304 -0.40897836735779525 0.02528025066366929
-0.43997675140796916 0.26941879168309096 -0.4316317462913207 -0.47507726067289097 0.016416691531973303 0.38223659131158566 -0.05026896077006944 0.0708938804998792 -0.40897834374608766 0.025280210297325866
-0.43997678512420774 0.26941883719414006 -0.43163171254773525 -0.4750772235431572 0.016416681202135547 0.38223655226383335 -0.050268967076706576 0.07089400815736087 -0.4089783677131133 0.025280251210499673
-0.4399767516294746 0.26941879216712994 -0.4316317459428796 -0.47507726046816784 0.016416691280946 0.3822365910102825 -0.05026896084244171 0.07089388168032215 -0.4089783438329503 0.0252802109394129
-0.43997678580443633 0.2694188379091755 -0.43163171177565324 -0.4750772230948236 0.016416681078425754 0.382236551930299 -0.05026896708888736 0.07089401012251981 -0.4089783677784695 0.025280251890071482
-0.43997675138983394 0.26941879160852583 -0.4316317463884502 -0.4750772606862297 0.016416691560839174 0.3822365913542176 -0.050268960762929825 0.07089388021863854 -0.4089783437205428 0.025280210051379877
-0.43997678561944714 0.26941883755257884 -0.4316317121167573 -0.4750772232334097 0.016416681223371234 0.3822365520859906 -0.0502689670422296 0.07089400912165794 -0.408978367757219 0.025280251276769604
-0.4399769403239131 0.26942103510827164 -0.4316304513648768 -0.47507714559829267 0.0164153425543811 0.38223434399693373 -0.05026912600799629 0.07089919574335006 -0.40897910265695236 0.025284627947330714
-0.4399772198885097 0.26942188689921115 -0.43162996369451107 -0.47507661092063436 0.016414757675158497 0.38223412737770135 -0.050269424860053445 0.07090137147428942 -0.4089791389566163 0.025285430191468623
-0.4399626057316318 0.2694479169101667 -0.43164616881819867 -0.47506662969117086 0.016387034723644396 0.3821756920407379 -0.05029058157862977 0.07096005113045889 -0.4090118941856972 0.0253379635699205
-0.43997912439250075 0.26946155576084574 -0.43162733513519264 -0.47506643526501346 0.01638039700153034 0.38216462838937476 -0.05028640318095781 0.07098906738574608 -0.4090100501337475 0.02535850888626108
-0.43961310701429324 0.2700380594594691 -0.43106893981041433 -0.47521552558449515 0.015257175800651286 0.38202603522021 -0.051049238187451246 0.07315284167876099 -0.4090159309904668 0.027229913516221796
-0.43985832532057356 0.26982465980451265 -0.4310430051973002 -0.47462734171281484 0.0158222605746124 0.38286605644572774 -0.05093672026474838 0.07258165628387257 -0.4089975572480912 0.02591739827851161
-0.43985948554617965 0.2698264434357996 -0.4310418635031606 -0.4746264548187583 0.01582124947700339 0.38286498385234896 -0.050936892990275026 0.07258521041119516 -0.4089976774679984 0.02591863970788446
-0.439859485613471 0.26982644380438164 -0.43104186339558215 -0.4746264544786534 0.015821249263662872 0.38286498357511317 -0.05093689316323499 0.07258521142748779 -0.4089976777098656 0.025918639968695898
-0.4398594862082201 0.2698264445429153 -0.4310418626727688 -0.4746264540721064 0.015821249058365783 0.38286498316954265 -0.05093689321516424 0.07258521343415364 -0.40899767779128754 0.025918640762141405
-0.43985941375562043 0.2698263501687569 -0.4310419378710751 -0.47462651217435464 0.015821283536180453 0.38286504131045945 -0.05093688241688043 0.07258498152575828 -0.4089976629479472 0.025918563270446393
-0.43985948516748025 0.269826442353333 -0.43104186423994556 -0.4746264552158689 0.015821250077905042 0.38286498463515006 -0.050936892787580616 0.07258520768676983 -0.4089976772101996 0.025918638044640403
-0.43985948536793024 0.26982644323915395 -0.43104186382278037 -0.474626454742052 0.0158212495320931 0.382864983901766 -0.050936893046590395 0.07258520992764732 -0.40899767760366185 0.025918639208412392
-0.43985948580055545 0.26982644347681267 -0.4310418634153219 -0.4746264545393877 0.015821249612350898 0.38286498383161616 -0.05093689299470966 0.07258521070522607 -0.40899767757159033 0.02591863929745951
-0.4398594859773053 0.2698264425786713 -0.4310418635800273 -0.47462645497776307 0.015821250211053045 0.38286498460953294 -0.05093689261842794 0.07258520854444919 -0.4089976770672267 0.025918637774193377
-0.4398594859671291 0.2698264440044957 -0.4310418630725917 -0.47462645430523226 0.01582124932583305 0.38286498350549486 -0.05093689311961283 0.07258521205668075 -0.408997677691389 0.025918640036461313
-0.43985948591026397 0.2698264437291414 -0.4310418631698108 -0.47462645445493573 0.015821249518395877 0.3828649837308814 -0.0509368930355044 0.07258521144668421 -0.40899767757662336 0.02591863974757636
-0.4398594860000047 0.26982644396570943 -0.43104186302260944 -0.474626454348512 0.01582124938526827 0.38286498354065873 -0.050936893086233455 0.07258521204607656 -0.408997677653284 0.0259186400618885
-0.43986185660907196 0.269829042436974 -0.43103938051853125 -0.47462510234109645 0.015820038936864903 0.3828647739147134 -0.050937238858711265 0.07259129116612202 -0.4089966055488696 0.02592044916528996
-0.43990446379673903 0.27051431911677426 -0.43135921300726554 -0.47383955864766186 0.015670845264576974 0.382827421863661 -0.05109005780213214 0.07289628751963324 -0.40907738837579904 0.02530978380023751
-0.43997694663426185 0.26942102863652606 -0.431630440805467 -0.47507714499575104 0.01641535484820592 0.38223435748589935 -0.0502691186878825 0.07089920193474326 -0.40897909907308805 0.025284621944320365
-0.43997720309401955 0.26942183408075365 -0.4316299851374206 -0.47507663290703916 0.016414792367488756 0.3822341680367056 -0.05026941024609088 0.07090126850992857 -0.40897912746449117 0.02528537257988325
-0.4399769497318735 0.26942102666904766 -0.43163043871521556 -0.47507714761551084 0.0164153562529725 0.3822343622684266 -0.05026911697706069 0.07089919454956149 -0.408979093469352 0.025284617006144833
-0.43997720709871746 0.26942184275146874 -0.43162997707789347 -0.47507663337649136 0.016414785076687942 0.3822341654277571 -0.05026941136930449 0.07090128603325487 -0.40897912399496883 0.02528538818696196
-0.4399769505899594 0.269421033563873 -0.4316304360768936 -0.4750771442279247 0.016415352551029796 0.38223435480641355 -0.0502691185552683 0.07089921159249 -0.40897909811715366 0.02528462639855909
-0.43997721427323394 0.2694218568581615 -0.43162996942996323 -0.4750766218296947 0.01641477957745889 0.38223415654862763 -0.050269414848039214 0.07090132163955877 -0.4089791299089071 0.025285395918888152
-0.43997695157550215 0.26942102390577677 -0.4316304371450665 -0.47507714903648596 0.01641535855168749 0.38223436635267827 -0.05026911643515571 0.0708991913062341 -0.40897909016384587 0.0252846148775058
-0.4399772146555601 0.269421849875156 -0.4316299702710005 -0.4750766254202192 0.016414784009794903 0.3822341654267237 -0.05026941370152395 0.07090130705201379 -0.40897912364455014 0.02528538927485701
-0.43996262446935286 0.2694478628581374 -0.4316461464978885 -0.4750665885019597 0.016387120960910207 0.3821758500121727 -0.050290520952240486 0.07095993795577146 -0.4090118710670035 0.025337737505043933
-0.43997909446894873 0.26946151426234155 -0.4316273465759381 -0.47506639450890303 0.01638046186345563 0.3821647335716931 -0.05028635414810859 0.07098897884237455 -0.40901007778334275 0.025358309922870564
-0.4390657500364966 0.2696095546572941 -0.43111269807786334 -0.4754940867646351 0.014960339722621284 0.38216228265508834 -0.051468937915421745 0.07352012232186286 -0.4092303296982755 0.0279933106328761
-0.4388140919911754 0.26827386075021425 -0.4313500248364842 -0.47636248257313374 0.015554134079118768 0.3828525321957796 -0.05121548950552021 0.07124234746519653 -0.40894366115245706 0.027126751526326896
-0.4398159378787783 0.26979231287262206 -0.431079080614427 -0.47466319986664157 0.015821504380339843 0.38292920088004084 -0.050925640205357774 0.07244110316037741 -0.40895517001071835 0.025868193370151525
-0.43997608265196336 0.26941852517987 -0.4316317360134073 -0.4750774841115784 0.016416437228434205 0.38223760175870236 -0.05026941361272081 0.07089378797442808 -0.40897800481224733 0.02528039541513973
-0.4399760826692381 0.2694185251988856 -0.43163173599330085 -0.4750774841015843 0.01641643722466624 0.38223760174503985 -0.050269413612501056 0.07089378802756224 -0.4089780048162197 0.025280395439134393
-0.4399760827011102 0.26941852525116833 -0.43163173595551 -0.47507748406933237 0.016416437200708563 0.3822376017195837 -0.05026941362120627 0.07089378815385947 -0.4089780048239288 0.025280395482821596
-0.4399760881869932 0.2694186704441356 -0.43163168692436177 -0.4750774106805392 0.016416336240639314 0.3822374939691175 -0.05026946099280448 0.07089413005077265 -0.4089780677327817 0.02528059298612011
-0.4399765953410182 0.26942178880909007 -0.4316298630586836 -0.4750767556125864 0.016414394898943505 0.38223504279912 -0.050269920176530404 0.07090167175419299 -0.4089788350030446 0.025285828906952877
-0.43997659493679997 0.26942180074385785 -0.4316298581921086 -0.47507675369298097 0.01641438526190871 0.38223503175240725 -0.050269923587966225 0.0709016988662992 -0.4089788391338931 0.025285851539758143
-0.4399787238822606 0.26946167292308176 -0.43162710403008603 -0.47506624455709956 0.016380055479210877 0.38216526546109203 -0.05028679727407037 0.07098973160961833 -0.40901011778810503 0.02535860674147926
-0.43961310701429324 0.2700380594594691 -0.43106893981041433 -0.47521552558449515 0.015257175800651286 0.38202603522021 -0.051049238187451246 0.07315284167876099 -0.4090159309904668 0.027229913516221796
-0.43985668308377546 0.2698239657906775 -0.43104299318262124 -0.47462887819856514 0.015822156408134815 0.3828663966608404 -0.05093708037535775 0.07258166750685467 -0.4089975092385037 0.025919612953671723
-0.43985784320956933 0.26982574936741405 -0.43104185157789643 -0.4746279913342662 0.015821145368672213 0.3828653241397505 -0.05093725308484274 0.07258522141128804 -0.40899762945083556 0.025920854358351123
-0.4398578432768379 0.26982574973597456 -0.43104185147032664 -0.47462799099419906 0.01582114515534266 0.382865323862533 -0.05093725325779082 0.07258522242751568 -0.4089976296926832 0.02592085461918673
-0.4398578438715273 0.269825750474487 -0.4310418507475695 -0.4746279905876744 0.01582114495005982 0.3828653234569913 -0.050937253309717385 0.07258522443406623 -0.4089976297740933 0.025920855412614987
-0.43985777142497723 0.26982565610292253 -0.43104192593998375 -0.4746280486876836 0.015821179425827094 0.3828653815942027 -0.050937242512436066 0.07258499253986987 -0.4089976149318651 0.025920777922643627
-0.4398578428309347 0.26982574828500605 -0.4310418523146262 -0.47462799173132847 0.01582114596953142 0.3828653249225017 -0.050937252882156614 0.07258521868700477 -0.40899762919306487 0.025920852695167904
-0.4398578430313332 0.2698257491707739 -0.4310418518974923 -0.4746279912575716 0.01582114542375428 0.3828653241891659 -0.050937253141152876 0.07258522092775736 -0.4089976295864914 0.025920853858923933
-0.43985784346392576 0.26982574940843834 -0.43104185149006663 -0.47462799105490716 0.015821145504006855 0.38286532411902435 -0.05093725308927486 0.07258522170528664 -0.4089976295544199 0.025920853947977808
-0.43985784364067454 0.2698257485103688 -0.4310418516547647 -0.4746279914932279 0.01582114610266776 0.38286532489690767 -0.05093725271301846 0.07258521954462051 -0.40899762905009096 0.025920852424797976
-0.43985784363047087 0.269825749936093 -0.43104185114736193 -0.4746279908207774 0.01582114521750866 0.38286532379292193 -0.050937253214170836 0.07258522305666829 -0.40899762967420616 0.025920854686956374
-0.43985784357361873 0.26982574966075457 -0.4310418512445738 -0.4746279909704643 0.015821145410059988 0.3828653240182941 -0.05093725313006766 0.07258522244670772 -0.4089976295594497 0.0259208543980738
-0.43985784366334374 0.2698257498973104 -0.4310418510973838 -0.47462799086405316 0.015821145276941118 0.38286532382808436 -0.05093725318079432 0.07258522304606692 -0.4089976296361029 0.025920854712379995
-0.4398602141713176 0.26982834834430564 -0.4310393687923466 -0.47462663878960765 0.01581993490521539 0.38286511416395375 -0.05093759888901655 0.07259130177836655 -0.408996557652339 0.025922663659804918
-0.4399027897824433 0.2705135778450668 -0.43135917149822056 -0.47384118077773857 0.015670734163011693 0.38282778277566726 -0.051090405748091844 0.07289624794700868 -0.4090773288539325 0.02531212408996016
-0.43961310701429324 0.2700380594594691 -0.43106893981041433 -0.47521552558449515 0.015257175800651286 0.38202603522021 -0.051049238187451246 0.07315284167876099 -0.4090159309904668 0.027229913516221796
-0.4398144512532842 0.26979157789848524 -0.4310793241215274 -0.4746645644184142 0.015821488633645787 0.38292946753866347 -0.05092593051688467 0.07244064691374273 -0.40895511014086916 0.025869752947622192
-0.43961310701429324 0.2700380594594691 -0.43106893981041433 -0.47521552558449515 0.015257175800651286 0.38202603522021 -0.051049238187451246 0.07315284167876099 -0.4090159309904668 0.027229913516221796
-0.4398159242428481 0.2697922961104255 -0.43107912356695016 -0.4746632133960501 0.015821518504590595 0.3829291995075985 -0.05092562348853032 0.07244102875179587 -0.4089551516710004 0.025868178893640563
-0.4399765922131995 0.26942180345299793 -0.43162986124717917 -0.47507674973710695 0.016414384823241642 0.38223502343089755 -0.05026992503823932 0.07090170671322144 -0.4089788478506005 0.025285852443891817
-0.4399785699356642 0.2694616547640339 -0.4316272470436786 -0.4750662776729338 0.016380015621799707 0.3821651377288571 -0.050286884129441614 0.07098966947575586 -0.4090102198956653 0.025358721631076737
-0.43961310701429324 0.2700380594594691 -0.43106893981041433 -0.47521552558449515 0.015257175800651286 0.38202603522021 -0.051049238187451246 0.07315284167876099 -0.4090159309904668 0.027229913516221796
-0.43981593787074896 0.26979231286498606 -0.43107908061614536 -0.47466319987166655 0.015821504377254905 0.3829292008837786 -0.05092564020908615 0.0724411031550339 -0.40895517001390186 0.02586819336931967
-0.4399760825338481 0.26941852583124476 -0.4316317361596804 -0.47507748380052656 0.016416436730883614 0.3822376000335629 -0.05026941440030734 0.07089378988346379 -0.4089780058091646 0.025280397236577993
-0.43997608255112297 0.26941852585026044 -0.43163173613957395 -0.47507748379053233 0.016416436727115638 0.38223760001990026 -0.05026941440008759 0.07089378993659799 -0.40897800581313704 0.025280397260572653
-0.43997608258299503 0.26941852590254306 -0.4316317361017833 -0.47507748375828046 0.016416436703157955 0.38223759999444396 -0.05026941440879283 0.07089379006289522 -0.4089780058208462 0.02528039730425985
-0.4399760880688813 0.2694186710956533 -0.4316316870706401 -0.4750774103693892 0.016416335743017558 0.3822374922438195 -0.05026946178045134 0.0708941319600732 -0.408978068729796 0.02528059480768961
-0.4399761539603725 0.2694187571592804 -0.4316316190517236 -0.4750773563135434 0.016416303865775746 0.38223744129317094 -0.05026947058617411 0.0708943389518824 -0.40897808333214675 0.025280664873987863
-0.43997615414343066 0.2694187579808346 -0.43163161868273403 -0.4750773558699992 0.016416303360538953 0.3822374406116189 -0.050269470808981795 0.0708943409765984 -0.4089780837109338 0.025280665952046425
-0.4399761545573534 0.26941875829231754 -0.4316316182540076 -0.47507735567322873 0.01641630336860238 0.38223744046879515 -0.050269470767406184 0.07089434187811008 -0.40897808370914684 0.025280666184096502
-0.4399766122678325 0.2694217983557941 -0.4316298517295535 -0.4750767401923774 0.01641439553490318 0.38223504207909936 -0.05026992311380619 0.07090169775615099 -0.4089788362605615 0.025285827147958222
-0.43997870911163595 0.26946175389921073 -0.4316270950444183 -0.47506623997525277 0.016379983159939982 0.3821651621379209 -0.050286866714317556 0.07098990987168355 -0.40901014368729577 0.02535879071353794
-0.43961310701429324 0.2700380594594691 -0.43106893981041433 -0.47521552558449515 0.015257175800651286 0.38202603522021 -0.051049238187451246 0.07315284167876099 -0.4090159309904668 0.027229913516221796
-0.43981593790362894 0.269792312894284 -0.43107908052600413 -0.47466319983504507 0.01582150433428749 0.38292920089388155 -0.05092564024997455 0.0724411033061574 -0.4089551700565521 0.025868193377611363
-0.4399760750403605 0.26941851112103093 -0.43163174586510594 -0.4750774928620448 0.016416443333695987 0.38223761105321047 -0.050269411824724004 0.07089375199013698 -0.4089780001075515 0.025280381147270388
-0.4399760750412216 0.2694185111224804 -0.43163174586406733 -0.4750774928612554 0.016416443332947592 0.38223761105258997 -0.05026941182494577 0.07089375199344881 -0.4089780001076185 0.025280381148464603
-0.4399760750433543 0.2694185111252987 -0.4316317458616623 -0.4750774928592695 0.016416443332082767 0.38223761105105236 -0.0502694118252947 0.07089375200102806 -0.4089780001082781 0.02528038115088436
-0.4399760794160307 0.26941852042312103 -0.43163173977862407 -0.4750774877322448 0.01641643890477325 0.3822376032716949 -0.05026941338452328 0.07089377601649277 -0.4089780040156071 0.025280393009548204
-0.43997608296822016 0.2694185251200627 -0.4316317356339722 -0.47507748467532385 0.016416437303636917 0.38223760118828115 -0.05026941389051455 0.07089378833516007 -0.40897800459739436 0.025280396920461093
-0.43997608299593227 0.26941852517421594 -0.4316317355959424 -0.4750774846472464 0.016416437277827135 0.38223760114862776 -0.05026941389861528 0.07089378847288946 -0.40897800461376205 0.025280396987173527
-0.43997608301352986 0.2694185251952028 -0.4316317355773399 -0.4750774846333633 0.016416437269962076 0.3822376011454103 -0.050269413901130815 0.07089378852156732 -0.4089780046107359 0.02528039699695753
-0.4399761547308348 0.2694187573910587 -0.43163161843930475 -0.4750773560584733 0.016416303991201253 0.3822374412338196 -0.05026947042288371 0.07089433977759774 -0.40897808323605267 0.02528066462416868
-0.43997615471215756 0.2694187587845272 -0.43163161794493854 -0.4750773554497863 0.01641630310237607 0.38223744017061595 -0.05026947087334366 0.07089434310207948 -0.4089780838259875 0.025280666868344702
-0.43997660071616607 0.2694218118722539 -0.43162985296258666 -0.47507674462836624 0.01641438047532544 0.3822350233295487 -0.05026992618300138 0.0709017246999583 -0.4089788446612677 0.02528585541486513
-0.4399787305759344 0.26946175474051737 -0.4316270680975692 -0.4750662408396562 0.016379994876946677 0.38216520862062925 -0.05028686240532245 0.07098990929215031 -0.4090101035809147 0.02535880079097788
-0.43961310701429324 0.2700380594594691 -0.43106893981041433 -0.47521552558449515 0.015257175800651286 0.38202603522021 -0.051049238187451246 0.07315284167876099 -0.4090159309904668 0.027229913516221796
-0.43985830896813266 0.26982465697243985 -0.43104295902991513 -0.4746273518533711 0.01582223286615371 0.3828660725890101 -0.050936750580352276 0.07258172861812238 -0.40899758065759495 0.025917434277754087
-0.43985946919662333 0.26982644060582583 -0.4310418173318906 -0.47462646495921795 0.01582122176632031 0.3828649999932791 -0.05093692330670043 0.07258528275466754 -0.4089977008767821 0.0259186757095819
-0.4398594692639149 0.2698264409744082 -0.4310418172243112 -0.474626464619113 0.01582122155297912 0.38286499971604315 -0.050936923479661354 0.07258528377096364 -0.40899770111864975 0.025918675970394045
-0.4398594698586652 0.26982644171294234 -0.43104181650149537 -0.4746264642125665 0.015821221347681547 0.38286499931047135 -0.05093692353159089 0.07258528577763504 -0.4089977012000711 0.02591867676384135
-0.4398593974058833 0.26982634733870015 -0.43104189170004426 -0.4746265223148104 0.015821255825567704 0.3828650574515343 -0.05093691273325942 0.07258505386863617 -0.40899768635676764 0.02591859927199785
-0.4398594688179233 0.26982643952335805 -0.43104181806867864 -0.47462646535632763 0.015821222367223362 0.38286500077608193 -0.0509369231040051 0.07258528003023401 -0.4089977006189837 0.025918674046333568
-0.43985946901837364 0.2698264404091799 -0.431041817651511 -0.47462646488251126 0.01582122182141 0.3828650000426966 -0.05093692336301619 0.07258528227111864 -0.4089977010124461 0.025918675210108624
-0.43985946945099985 0.2698264406468386 -0.4310418172440515 -0.4746264646798469 0.015821221901667966 0.38286499997254625 -0.050936923311135286 0.07258528304869928 -0.40899770098037425 0.025918675299155727
-0.4398594696277508 0.26982643974869575 -0.43104181740875774 -0.4746264651182226 0.015821222500371202 0.38286500075046465 -0.05093692293485241 0.07258528088791635 -0.40899770047601025 0.025918673775885866
-0.4398594696175736 0.2698264411745222 -0.4310418169013197 -0.47462646444569195 0.015821221615149452 0.3828649996464243 -0.050936923436039026 0.07258528440015803 -0.40899770110017275 0.025918676038159415
-0.43985946956070865 0.26982644089916746 -0.4310418169985395 -0.4746264645953952 0.015821221807712754 0.3828649998718112 -0.050936923351930175 0.07258528379015958 -0.408997700985407 0.025918675749273735
-0.4398594696504494 0.2698264411357359 -0.4310418168513376 -0.47462646448897183 0.01582122167458481 0.38286499968158827 -0.05093692340265952 0.07258528438955383 -0.4089977010620678 0.02591867606358669
-0.4398618402658329 0.26982903960935417 -0.4310393343418772 -0.4746251124824886 0.015820011224660552 0.382864790054384 -0.050937269175423766 0.07259136352196542 -0.40899662895136235 0.025920485169129506
-0.4399044472535574 0.27051431815168553 -0.43135916606946717 -0.4738395664747349 0.01567081638725172 0.38282743930091273 -0.05109008969015556 0.07289636213571529 -0.40907741255588687 0.025309819118952914
-0.4399767514469488 0.26941879191341783 -0.4316317460951362 -0.4750772606938811 0.016416691333491967 0.38223659110901725 -0.050268960816875805 0.07089388106228502 -0.40897834379780446 0.025280210804260742
-0.4399767849490736 0.2694188366196692 -0.4316317127058126 -0.4750772240156002 0.016416681511111714 0.3822365527847812 -0.050268966908542434 0.07089400673588388 -0.40897836736270626 0.025280250715610304
-0.4399767513363749 0.2694187916721247 -0.43163174627490486 -0.47507726071558604 0.01641669149149941 0.3822365913486694 -0.050268960813250836 0.07089388053166966 -0.4089783437509988 0.025280210349266724
-0.4399767850526138 0.26941883718317394 -0.4316317125313193 -0.47507722358585236 0.016416681161661607 0.38223655230091724 -0.05026896711988802 0.07089400818915173 -0.4089783677180246 0.025280251262440694
-0.43997675155788046 0.2694187921561637 -0.43163174592646375 -0.47507726051086313 0.016416691240472108 0.38223659104736635 -0.050268960885623104 0.0708938817121126 -0.4089783438378614 0.02528021099135376
-0.4399767857328423 0.2694188378982093 -0.43163171175923737 -0.4750772231375189 0.016416681037951814 0.38223655196738265 -0.05026896713206882 0.07089401015431065 -0.40897836778338076 0.025280251942012503
-0.43997675131823977 0.26941879159755955 -0.43163174637203433 -0.4750772607289248 0.016416691520365293 0.38223659139130145 -0.05026896080611122 0.07089388025042898 -0.40897834372545394 0.025280210103320735
-0.439976785547853 0.26941883754161267 -0.4316317121003413 -0.4750772232761048 0.01641668118289729 0.38223655212307417 -0.05026896708541102 0.07089400915344878 -0.4089783677621301 0.02528025132871061
-0.4399769402523149 0.2694210350973121 -0.43163045134845474 -0.4750771456409924 0.01641534251390184 0.3822343440340152 -0.05026912605117961 0.07089919577515971 -0.4089791026618617 0.025284627999290148
-0.43997721981691146 0.26942188688825336 -0.4316299636780861 -0.4750766109633347 0.01641475763467707 0.38223412741478413 -0.05026942490323887 0.07090137150610692 -0.40897913896152366 0.025285430243431373
-0.4399626056600197 0.26944791689925 -0.4316461688018226 -0.47506662973382613 0.016387034683116405 0.38217569207765084 -0.05029058162187803 0.07096005116244337 -0.40901189419070005 0.025337963621962875
-0.43997912432091285 0.26946155574998054 -0.4316273351187454 -0.47506643530768733 0.01638039696096378 0.382164628426287 -0.050286403224202816 0.0709890674178205 -0.40901005013872316 0.025358508938414608
-0.43906575029584477 0.26960955446691237 -0.4311126982985047 -0.47549408695723305 0.0149603395878581 0.3821622824392658 -0.051468937768610584 0.07352012174423167 -0.4092303294150504 0.02799331067505406
-0.4388140919911754 0.26827386075021425 -0.4313500248364842 -0.47636248257313374 0.015554134079118768 0.3828525321957796 -0.05121548950552021 0.07124234746519653 -0.40894366115245706 0.027126751526326896
-0.43985822763755955 0.2698246202064914 -0.43104294923612413 -0.47462742308842204 0.015822202137994713 0.3828660998048593 -0.050936791707473617 0.07258172720232689 -0.4089975875163672 0.025917487313072536
-0.4398593878704092 0.2698264038465983 -0.4310418075328865 -0.47462653619173634 0.01582119103402023 0.3828650272073817 -0.050936964434946455 0.07258528135114611 -0.40899770773431876 0.02591872875073891
-0.4398593879377003 0.2698264042151814 -0.4310418074253061 -0.47462653585163106 0.01582119082067803 0.3828650269301456 -0.050936964607908725 0.07258528236744623 -0.4089977079761864 0.025918729011552313
-0.43985938853245266 0.26982640495371846 -0.431041806702487 -0.4746265354450839 0.0158211906153793 0.3828650265245736 -0.05093696465983874 0.07258528437412491 -0.40899770805760693 0.025918729805003662
-0.4398593160793903 0.2698263105791125 -0.4310418819013718 -0.4746265935474943 0.015821225093423912 0.38286508466572844 -0.050936953861440815 0.07258505246431084 -0.40899769321436 0.025918652312799613
-0.4398593874917089 0.26982640276412656 -0.4310418082696781 -0.47462653658884546 0.01582119163492588 0.38286502799018546 -0.05093696423224985 0.07258527862670237 -0.40899770747652087 0.025918727087482583
-0.43985938769215877 0.26982640364995125 -0.43104180785250823 -0.4746265361150293 0.01582119108911014 0.38286502725679933 -0.05093696449126279 0.07258528086759558 -0.40899770786998346 0.025918728251263196
-0.43985938812478687 0.26982640388761103 -0.431041807445047 -0.4746265359123642 0.01582119116936815 0.38286502718664917 -0.05093696443938172 0.07258528164517887 -0.4089977078379112 0.02591872834031099
-0.43985938830153903 0.2698264029894651 -0.4310418076097543 -0.47462653635074015 0.01582119176807335 0.3828650279645694 -0.05093696406309732 0.07258527948438769 -0.40899770733354635 0.0259187268170349
-0.43985938829136084 0.2698264044152964 -0.4310418071023134 -0.4746265356782093 0.015821190882848404 0.3828650268605268 -0.050936964564286244 0.07258528299664276 -0.4089977079577092 0.025918729079318203
-0.4398593882344959 0.2698264041399409 -0.4310418071995337 -0.4746265358279126 0.015821191075412498 0.3828650270859141 -0.050936964480176816 0.072585282386642 -0.4089977078429434 0.025918728790431188
-0.4398593883242367 0.26982640437650995 -0.431041807052331 -0.4746265357214892 0.015821190942283955 0.3828650268956909 -0.050936964530906535 0.07258528298603849 -0.4089977079196039 0.02591872910474565
-0.43986175895284474 0.2698290028608331 -0.43103932453220173 -0.4746251837093439 0.015819980488145625 0.3828648172693753 -0.05093731030394114 0.07259136213956757 -0.4089966358011172 0.025920538217129568
-0.4399043641727952 0.27051428358424107 -0.43135915701547356 -0.4738396356619474 0.015670784308136516 0.3828274679386751 -0.051090132941305814 0.0728963618241451 -0.4090774200595799 0.02530987061124447
-0.4399662864552139 0.26941530142597037 -0.43162882181689116 -0.4750851170757866 0.016412038256408124 0.38224112724213205 -0.050274198256351384 0.07089619990800841 -0.40898036599899806 0.025286627907963297
-0.43996631994119517 0.26941534609332546 -0.4316287884281559 -0.47508508043383724 0.016412028435376466 0.3822410889651402 -0.0502742043417097 0.07089632550754378 -0.40898038953472926 0.025286667806773
-0.43996648299226027 0.26941754604630275 -0.4316275127517824 -0.475085004872315 0.01641069168069371 0.3822388879055519 -0.050274361590554414 0.070901531784956 -0.40898111661664704 0.025291055464126393
-0.43996674030799643 0.2694183615343092 -0.4316270509802678 -0.47508449139701975 0.01641012098478845 0.3822386918349253 -0.05027465571379067 0.07090362199743191 -0.4089811463717177 0.02529182622127015
-0.43961310701429324 0.2700380594594691 -0.43106893981041433 -0.47521552558449515 0.015257175800651286 0.38202603522021 -0.051049238187451246 0.07315284167876099 -0.4090159309904668 0.027229913516221796
-0.4398566829847005 0.2698239657429232 -0.43104299317738043 -0.47462887828561534 0.01582215637570703 0.38286639669128064 -0.050937080420548425 0.07258166749098956 -0.4089975092475088 0.025919613008903202
-0.43985784311049925 0.2698257493196678 -0.43104185157264985 -0.47462799142131334 0.01582114533623968 0.38286532417018915 -0.050937253130034645 0.07258522139543648 -0.4089976294598394 0.025920854413589385
-0.4398578431777679 0.2698257496882282 -0.4310418514650799 -0.47462799108124626 0.01582114512291013 0.3828653238929716 -0.05093725330298271 0.07258522241166411 -0.40899762970168696 0.025920854674425002
-0.43985784377245724 0.26982575042674073 -0.43104185074232293 -0.4746279906747216 0.01582114491762729 0.3828653234874298 -0.050937253354909284 0.0725852244182147 -0.4089976297830971 0.025920855467853252
-0.4398577713259068 0.2698256560551757 -0.4310419259347374 -0.47462804877473086 0.015821179393394738 0.3828653816246412 -0.05093724255762789 0.07258499252401741 -0.4089976149408689 0.02592077797788147
-0.4398578427318645 0.2698257482372597 -0.4310418523093795 -0.4746279918183756 0.015821145937098886 0.3828653249529401 -0.050937252927348506 0.07258521867115317 -0.4089976292020688 0.025920852750406155
-0.43985784293226315 0.26982574912302765 -0.43104185189224564 -0.47462799134461886 0.015821145391321758 0.3828653242196044 -0.05093725318634478 0.07258522091190579 -0.40899762959549524 0.025920853914162188
-0.4398578433648557 0.269825749360692 -0.43104185148481994 -0.4746279911419542 0.015821145471574323 0.3828653241494627 -0.05093725313446676 0.07258522168943507 -0.4089976295634236 0.02592085400321607
-0.43985784354160445 0.2698257484626225 -0.4310418516495181 -0.474627991580275 0.01582114607023524 0.38286532492734615 -0.05093725275821037 0.07258521952876894 -0.40899762905909476 0.025920852480036224
-0.4398578435314008 0.2698257498883467 -0.4310418511421154 -0.4746279909078246 0.01582114518507613 0.38286532382336047 -0.05093725325936272 0.07258522304081674 -0.40899762968321013 0.02592085474219464
-0.4398578434745487 0.2698257496130082 -0.43104185123932726 -0.47462799105751147 0.01582114537762746 0.38286532404873275 -0.050937253175259566 0.07258522243085616 -0.40899762956845354 0.025920854453312058
-0.43985784356427354 0.26982574984956403 -0.4310418510921371 -0.47462799095110025 0.01582114524450859 0.3828653238585228 -0.050937253225986204 0.07258522303021536 -0.4089976296451067 0.02592085476761825
-0.439860214072263 0.2698283482965723 -0.43103936878708776 -0.4746266388766475 0.015819934872777854 0.3828651141943935 -0.0509375989342087 0.072591301762539 -0.408996557661334 0.02592266371505154
-0.4399027896811833 0.27051357779968976 -0.43135917149401204 -0.47384118086261223 0.015670734129131614 0.3828277828076459 -0.051090405795618195 0.07289624793206097 -0.40907732886375736 0.02531212414327294
-0.4390657667071753 0.2696088006531966 -0.43111265231023305 -0.4754944517644242 0.014960668007613993 0.3821631014868035 -0.05146874229691059 0.07351877142686547 -0.4092299732613716 0.027992580248699328
-0.4388140919911754 0.26827386075021425 -0.4313500248364842 -0.47636248257313374 0.015554134079118768 0.3828525321957796 -0.05121548950552021 0.07124234746519653 -0.40894366115245706 0.027126751526326896
-0.43981593786996687 0.2697923128644832 -0.4310790806160911 -0.4746631998723794 0.01582150437713417 0.382929200884087 -0.050925640209373006 0.07244110315489587 -0.4089551700139682 0.02586819336996666
-0.43997608254699133 0.2694185259158707 -0.43163173611139843 -0.4750774838027289 0.016416436669883676 0.382237599953148 -0.05026941440495215 0.07089379005743986 -0.4089780058258647 0.025280397377116653
-0.4399760825642663 0.26941852593488635 -0.4316317360912919 -0.47507748379273496 0.016416436666115707 0.3822375999394854 -0.050269414404732406 0.07089379011057413 -0.4089780058298372 0.025280397401111366
-0.43997608259613835 0.2694185259871691 -0.4316317360535011 -0.47507748376048287 0.01641643664215798 0.38223759991402906 -0.05026941441343764 0.07089379023687158 -0.4089780058375463 0.025280397444798642
-0.4399760880820164 0.26941867118045515 -0.4316316870223126 -0.47507741037148965 0.016416335681893667 0.3822374921633028 -0.05026946178515819 0.07089413213444314 -0.4089780687465667 0.025280594948428416
-0.43997659523710453 0.26942178954995616 -0.43162986315417645 -0.47507675530247667 0.01641439433775066 0.38223504098942346 -0.05026992096940699 0.07090167384823086 -0.4089788360178824 0.025285830875955328
-0.4399785706062963 0.2694615509032895 -0.4316272919348759 -0.47506629097066655 0.01638008323487065 0.38216522179523 -0.050286809241914386 0.07098943324201121 -0.4090102060232055 0.02535852339737892
-0.43961310701429324 0.2700380594594691 -0.43106893981041433 -0.47521552558449515 0.015257175800651286 0.38202603522021 -0.051049238187451246 0.07315284167876099 -0.4090159309904668 0.027229913516221796
-0.43985822803321756 0.2698246204905599 -0.4310429476622524 -0.47462742271936953 0.015822201789576197 0.3828660999223749 -0.05093679250827777 0.0725817296131272 -0.4089975883717051 0.025917487228384623
-0.43985938826622684 0.269826404130779 -0.4310418059588256 -0.4746265358226602 0.015821190685489636 0.382865027324777 -0.05093696523579139 0.07258528376239876 -0.4089977085896333 0.02591872866615637
-0.4398593883335178 0.26982640449936224 -0.43104180585124513 -0.47462653548255507 0.01582119047214742 0.38286502704754105 -0.05093696540875371 0.07258528477869904 -0.408997708831501 0.025918728926969805
-0.43985938892827037 0.26982640523789925 -0.4310418051284259 -0.4746265350760078 0.01582119026684866 0.38286502664196886 -0.05093696546068373 0.07258528678537796 -0.40899770891292164 0.02591872972042122
-0.439859316475198 0.26982631086328857 -0.4310418803273226 -0.47462659317841926 0.015821224744896896 0.38286508478313064 -0.050936954662283304 0.07258505487553431 -0.40899769406967545 0.025918652228210753
-0.4398593878875264 0.26982640304830724 -0.4310418066956173 -0.47462653621976947 0.015821191286395354 0.38286502810758094 -0.05093696503309475 0.07258528103795467 -0.4089977083318354 0.025918727002899867
-0.4398593880879762 0.269826403934132 -0.43104180627844724 -0.4746265357459531 0.015821190740579555 0.38286502737419464 -0.05093696529210773 0.07258528327884817 -0.408997708725298 0.02591872816668059
-0.43985938852060447 0.2698264041717918 -0.4310418058709859 -0.4746265355432882 0.01582119082083757 0.38286502730404454 -0.05093696524022666 0.07258528405643157 -0.40899770869322577 0.025918728255728378
-0.43985938869735663 0.26982640327364577 -0.43104180603569314 -0.474626535981664 0.015821191419542836 0.3828650280819649 -0.050936964863942204 0.0725852818956401 -0.4089977081888608 0.025918726732452105
-0.43985938868717844 0.2698264046994772 -0.4310418055282523 -0.47462653530913324 0.0158211905343178 0.3828650269779222 -0.0509369653651312 0.07258528540789562 -0.4089977088130237 0.025918728994735674
-0.43985938863031343 0.26982640442412165 -0.4310418056254727 -0.4746265354588366 0.01582119072688191 0.38286502720330945 -0.05093696528102176 0.07258528479789479 -0.4089977086982579 0.025918728705848642
-0.43985938872005437 0.26982640466069086 -0.43104180547827 -0.4746265353524133 0.015821190593753354 0.38286502701308617 -0.050936965331751495 0.07258528539729137 -0.40899770877491853 0.02591872902016314
-0.4398617593489496 0.2698290031451157 -0.43103932295782554 -0.47462518334033404 0.015819980139489168 0.38286481738676925 -0.050937311104837145 0.07259136455147987 -0.408996636656133 0.025920538132725063
-0.4399043645782348 0.27051428396235244 -0.4313591554358353 -0.47383963516431027 0.01567078393782094 0.3828274680808967 -0.05109013380457297 0.07289636434673563 -0.4090774209511519 0.025309870421413392
-0.4399662475278334 0.269415112539139 -0.43162890691324735 -0.475085208951981 0.016412162513595 0.3822412493194366 -0.05027414781137993 0.07089577132424738 -0.40898031141554797 0.025286397700995014
-0.4399662498685437 0.2694151155334962 -0.4316289041425953 -0.47508520750101546 0.016412161322604576 0.38224124802375187 -0.05027414795409689 0.07089577855753504 -0.4089803113465354 0.025286400537226313
-0.439966286365629 0.26941530119039026 -0.4316288219971365 -0.4750851170898376 0.01641203842654871 0.38224112746702116 -0.050274198239375165 0.07089619936825371 -0.408980365951817 0.025286627436189528
-0.43996632006551306 0.26941534666186795 -0.4316287882540347 -0.47508507999709576 0.01641202809831784 0.38224108846733007 -0.05027420453959133 0.0708963269505649 -0.40898038988913016 0.025286668336469562
-0.4399664838685611 0.2694175529424091 -0.43162751011358547 -0.47508500148091193 0.016410687991192746 0.38223888043306825 -0.05027436315668811 0.07090154881416437 -0.4089811212624039 0.02529106483933214
-0.4399667475003632 0.2694183756387561 -0.43162704333220103 -0.47508447985098645 0.016410115499370583 0.3822386829468317 -0.05027465918037432 0.0709036575834644 -0.40898115228105186 0.025291833938278302
-0.43961310701429324 0.2700380594594691 -0.43106893981041433 -0.47521552558449515 0.015257175800651286 0.38202603522021 -0.051049238187451246 0.07315284167876099 -0.4090159309904668 0.027229913516221796
-0.4353906315398456 0.2410723993526248 -0.4455910489098529 -0.4692942326679356 0.045055019047440185 0.40496442653141235 -0.04157335943427706 0.11922703875068737 -0.38928055614202145 0.004659686931720326
-0.43537759733067133 0.24050963895639155 -0.4452692132390659 -0.46998791524279193 0.04515139521613916 0.40497913445748385 -0.0414471150476381 0.11889059114807958 -0.3892568732950239 0.005258452834103073
-0.4319448150309973 0.23404729804553376 -0.4409734366366731 -0.4798354735514225 0.05450896492601828 0.4166965944755352 -0.03443964606763122 0.1270186461683019 -0.374116196815917 0.0074734214008274165
-0.4284702597054231 0.26875781308261737 -0.44452981306902967 -0.46913213397434 0.037614010944797674 0.3805407630806854 -0.04065270285737693 0.15167165150269138 -0.39248860419762366 0.039502378295024496
-0.4385075153651274 0.23560929600588526 -0.46147996598747404 -0.46117125667143416 0.048499422276763224 0.4026711040833798 -0.04436120122575707 0.10244737460850584 -0.3867504434909976 -0.0046079618536515555
-0.4385075692600569 0.23560761137601777 -0.4614794522996767 -0.4611718430347435 0.04850094256322386 0.4026735819730054 -0.04436017822813107 0.10244430524787065 -0.3867494559078847 -0.004610171012566134
-0.43997007406831923 0.2352814544261359 -0.46009400361108493 -0.4652556193850787 0.04148922572420067 0.39401854874665004 -0.044995818753891664 0.08861767918771978 -0.39505511338188387 0.0012064876442602764
-0.43995600811544816 0.23529178214621427 -0.4601101342315044 -0.4652639275129753 0.04146264144505869 0.39400896019714277 -0.04500796997991362 0.08862008895362665 -0.3950464101761369 0.0012309500790353165
-0.4400027891778346 0.2358341756915144 -0.46044396500972046 -0.4645601475244714 0.04137767097626986 0.393964883228055 -0.04513543979914855 0.08892100788748987 -0.39508228328274403 0.0006375766519802574
-0.4398409172649102 0.23669155148496396 -0.4595999938591628 -0.4645364996573668 0.04053037537547064 0.3934692240380171 -0.04546597101320312 0.09201826924112655 -0.3955844127538553 0.0029116120393139267
-0.4339906988722164 0.232528780056905 -0.45610224307556896 -0.46475140405026044 0.04260803794589286 0.39458735905696124 -0.052874064836828515 0.11820152553485319 -0.3987183938697332 0.017351144805381125
-0.3281734249409221 0.2510004564157686 -0.3770380021300679 -0.5784329630185181 -0.05742620359368667 0.2197503108287512 -0.09938364355074299 0.1706504034493565 -0.35377497617392933 0.3698854630108832
-0.4369080885976424 0.22882360122434514 -0.45661628179279096 -0.4750185186580937 0.05070404139196794 0.4055989900628194 -0.03814793916636356 0.09623833465519116 -0.38052577574567625 0.003416269035389556
-0.4398336703812638 0.23664352353174486 -0.4596184021510969 -0.4645267570586203 0.040551289979883096 0.39349638503802903 -0.04543333335453322 0.09205545847008317 -0.39557737386813463 0.002887120160199104
-0.43956135132151525 0.2349421088112169 -0.4610577844039684 -0.4649758733781498 0.041426634026883076 0.39374678875684566 -0.044795244197310936 0.08765636168117612 -0.39543384866567316 0.0005482416646623026
-0.43956139463854493 0.2349403511993121 -0.4610572604662161 -0.46497646064645143 0.04142822581523107 0.39374943145759106 -0.04479419024265537 0.08765323472838779 -0.39543278262979914 0.0005459434794887567
-0.43398346265442894 0.23247939652793925 -0.45612155416712363 -0.46474097081913707 0.04262924996284416 0.3946149357479157 -0.05284015797105518 0.11823756549351574 -0.3987105164398613 0.01732517310228893
-0.6289777932254931 0.22143783801676098 -0.4863600068662651 -0.23161233022164232 -0.03128829142222162 -0.27429361633645744 0.10308408766066486 0.17308785105893384 -0.346654727535843 -0.16790090278186262
-0.4284702597054231 0.26875781308261737 -0.44452981306902967 -0.46913213397434 0.037614010944797674 0.3805407630806854 -0.04065270285737693 0.15167165150269138 -0.39248860419762366 0.039502378295024496
-0.4385075153651274 0.23560929600588526 -0.46147996598747404 -0.46117125667143416 0.048499422276763224 0.4026711040833798 -0.04436120122575707 0.10244737460850584 -0.3867504434909976 -0.0046079618536515555
-0.4385075692600569 0.23560761137601777 -0.4614794522996767 -0.4611718430347435 0.04850094256322386 0.4026735819730054 -0.04436017822813107 0.10244430524787065 -0.3867494559078847 -0.004610171012566134
-0.4399628952839641 0.2352336428567004 -0.46011227746117295 -0.46524580186932535 0.04151005130453587 0.39404555213720066 -0.044963259604711835 0.0886550471680123 -0.3950481350328573 0.0011821168218329732
-0.439948830835615 0.23524396778024892 -0.4601284084533486 -0.46525410951865553 0.041483469635880156 0.39403596717143763 -0.04497540864227017 0.08865745856915754 -0.3950394326292424 0.0012065766845639064
-0.43999558827599744 0.23578625071114012 -0.46046224146667114 -0.4645503667222593 0.04139853211062875 0.393991945094789 -0.045102821515059156 0.08895840680785519 -0.3950752805557008 0.0006132029671537409
-0.4398336703812638 0.23664352353174486 -0.4596184021510969 -0.4645267570586203 0.040551289979883096 0.39349638503802903 -0.04543333335453322 0.09205545847008317 -0.39557737386813463 0.002887120160199104
-0.43956135132151525 0.2349421088112169 -0.4610577844039684 -0.4649758733781498 0.041426634026883076 0.39374678875684566 -0.044795244197310936 0.08765636168117612 -0.39543384866567316 0.0005482416646623026
-0.43956139463854493 0.2349403511993121 -0.4610572604662161 -0.46497646064645143 0.04142822581523107 0.39374943145759106 -0.04479419024265537 0.08765323472838779 -0.39543278262979914 0.0005459434794887567
-0.43398346265442894 0.23247939652793925 -0.45612155416712363 -0.46474097081913707 0.04262924996284416 0.3946149357479157 -0.05284015797105518 0.11823756549351574 -0.3987105164398613 0.01732517310228893
-0.43691570646304345 0.22887270342503785 -0.45659732677163434 -0.4750299919732121 0.050683435675433916 0.405573026766388 -0.03818087952274242 0.09620085136093186 -0.38053228820605906 0.0034413021356867863
-0.4398409172649102 0.23669155148496396 -0.4595999938591628 -0.4645364996573668 0.04053037537547064 0.3934692240380171 -0.04546597101320312 0.09201826924112655 -0.3955844127538553 0.0029116120393139267
-0.4339906988722164 0.232528780056905 -0.45610224307556896 -0.46475140405026044 0.04260803794589286 0.39458735905696124 -0.052874064836828515 0.11820152553485319 -0.3987183938697332 0.017351144805381125
-0.3281734249409221 0.2510004564157686 -0.3770380021300679 -0.5784329630185181 -0.05742620359368667 0.2197503108287512 -0.09938364355074299 0.1706504034493565 -0.35377497617392933 0.3698854630108832
-0.4369156826322331 0.22887253198045465 -0.45659743146614007 -0.47502990994493705 0.050683463293640194 0.4055731305226102 -0.038180810870335626 0.09620088008233411 -0.38053228165223985 0.003441210681497124
-0.4398401508786919 0.23669112395011063 -0.45959992419542656 -0.46453708364378643 0.040530081463672735 0.3934695468953079 -0.045466320884112545 0.0920184302442529 -0.3955845429286819 0.0029121876018540008
-0.43949927449376525 0.2349708477220403 -0.4610085081946562 -0.4650402863063049 0.04137030234118251 0.3937581418511125 -0.04486678284518552 0.08764412888413826 -0.3954565396489488 0.0006351793671790762
-0.4344911837458855 0.23331656352674193 -0.45661330929569266 -0.4639780113740609 0.04267993474915783 0.3943327331230613 -0.052286970108841486 0.11684041325622159 -0.39878646474895535 0.016533240579685332
-0.3281734249409221 0.2510004564157686 -0.3770380021300679 -0.5784329630185181 -0.05742620359368667 0.2197503108287512 -0.09938364355074299 0.1706504034493565 -0.35377497617392933 0.3698854630108832
-0.43997005073777745 0.23528128706801046 -0.4600941036236561 -0.4652555430445964 0.041489254659774114 0.3940186550640935 -0.044995750891058575 0.08861770981191436 -0.3950551045201166 0.0012063986655910862
-0.4399559847888017 0.23529161477856134 -0.46011023424757785 -0.46526385116770486 0.041462670386581 0.3940090665270315 -0.04500790211194755 0.0886201195788831 -0.39504640131741003 0.001230861092099788
-0.44000276577671155 0.23583400796647727 -0.4604440651243025 -0.4645600711130823 0.04137769996735728 0.3939649897777033 -0.045135371804428503 0.08892103848915611 -0.3950822743745805 0.0006374876366708126
-0.4398401508786919 0.23669112395011063 -0.45959992419542656 -0.46453708364378643 0.040530081463672735 0.3934695468953079 -0.045466320884112545 0.0920184302442529 -0.3955845429286819 0.0029121876018540008
-0.43949927449376525 0.2349708477220403 -0.4610085081946562 -0.4650402863063049 0.04137030234118251 0.3937581418511125 -0.04486678284518552 0.08764412888413826 -0.3954565396489488 0.0006351793671790762
-0.4344911837458855 0.23331656352674193 -0.45661330929569266 -0.4639780113740609 0.04267993474915783 0.3943327331230613 -0.052286970108841486 0.11684041325622159 -0.39878646474895535 0.016533240579685332
-0.3281734249409221 0.2510004564157686 -0.3770380021300679 -0.5784329630185181 -0.05742620359368667 0.2197503108287512 -0.09938364355074299 0.1706504034493565 -0.35377497617392933 0.3698854630108832
